ge_Q1_P13214;AS-PIN;2;4;1;3;5;2;2;2;2;4;2;4;6;8;2;2;2;2;2;4;2;1;3;2;1;3;5;7;2;2;4;2;4;2;4;6;2;2;2;4;5;2;4;2;2;4;2;4;2;2;2;2;2;2;2;4;2;2;2;2;2;2;2;4;2;2;2;2;2;2;4;2;2;2;2;2;4;2;4;6;8;2;2;2;4;6;2;4;2;2;4;6;2;4;2;2;2;2;2;2;2
ge_Q1_P29881;AS-TIN;2;4;1;3;5;2;2;2;2;4;2;4;6;8;2;2;2;2;2;4;2;1;3;2;1;3;5;7;2;2;4;2;4;2;4;6;2;2;2;4;5;2;4;2;2;4;2;4;2;2;2;2;2;2;2;4;2;2;2;2;2;2;2;4;2;2;2;2;2;2;4;2;2;2;2;2;4;2;4;6;8;2;2;2;4;6;2;4;2;2;4;6;2;4;2;2;2;2;2;2;2
ge_Q1_P10071;AS-PIN;2;4;1;3;5;2;2;2;2;4;2;4;6;8;2;2;2;2;2;4;2;1;3;2;1;3;5;7;2;2;4;2;4;2;4;6;2;2;2;4;5;2;4;2;2;4;2;4;2;2;2;2;2;2;2;4;2;2;2;2;2;2;2;4;2;2;2;2;2;2;4;2;2;2;2;2;4;2;4;6;8;2;2;2;4;6;2;4;2;2;4;6;2;4;2;2;2;2;2;2;2
ge_Q1_P21103;AS-PIN;2;4;1;3;5;2;2;2;2;4;2;4;6;8;2;2;2;2;2;4;2;1;3;2;1;3;5;7;2;2;4;2;4;2;4;6;2;2;2;4;5;2;4;2;2;4;2;4;2;2;2;2;2;2;2;4;2;2;2;2;2;2;2;4;2;2;2;2;2;2;4;2;2;2;2;2;4;2;4;6;8;2;2;2;4;6;2;4;2;2;4;6;2;4;2;2;2;2;2;2;2
ge_Q1_P31655;AS-TIN;2;4;1;3;5;2;2;2;2;4;2;4;6;8;2;2;2;2;2;4;2;1;3;2;1;3;5;7;2;2;4;2;4;2;4;6;2;2;2;4;5;2;4;2;2;4;2;4;2;2;2;2;2;2;2;4;2;2;2;2;2;2;2;4;2;2;2;2;2;2;4;2;2;2;2;2;4;2;4;6;8;2;2;2;4;6;2;4;2;2;4;6;2;4;2;2;2;2;2;2;2
ge_Q1_P12733;AS-PIN;2;4;1;3;5;2;2;2;2;4;2;4;6;8;2;2;2;2;2;4;2;1;3;2;1;3;5;7;2;2;4;2;4;2;4;6;2;2;2;4;5;2;4;2;2;4;2;4;2;2;2;2;2;2;2;4;2;2;2;2;2;2;2;4;2;2;2;2;2;2;4;2;2;2;2;2;4;2;4;6;8;2;2;2;4;6;2;4;2;2;4;6;2;4;2;2;2;2;2;2;2
ge_Q1_P11139;AS-PIN;2;4;1;3;5;2;2;2;2;4;2;4;6;8;2;2;2;2;2;4;2;1;3;2;1;3;5;7;2;2;4;2;4;2;4;6;2;2;2;4;5;2;4;2;2;4;2;4;2;2;2;2;2;2;2;4;2;2;2;2;2;2;2;4;2;2;2;2;2;2;4;2;2;2;2;2;4;2;4;6;8;2;2;2;4;6;2;4;2;2;4;6;2;4;2;2;2;2;2;2;2
ge_Q1_P11089;AS-PIN;2;4;1;3;5;2;2;2;2;4;2;4;6;8;2;2;2;2;2;4;2;1;3;2;1;3;5;7;2;2;4;2;4;2;4;6;2;2;2;4;5;2;4;2;2;4;2;4;2;2;2;2;2;2;2;4;2;2;2;2;2;2;2;4;2;2;2;2;2;2;4;2;2;2;2;2;4;2;4;6;8;2;2;2;4;6;2;4;2;2;4;6;2;4;2;2;2;2;2;2;2
ge_Q1_P10359;AS-PIN;2;4;1;3;5;2;2;2;2;4;2;4;6;8;2;2;2;2;2;4;2;1;3;2;1;3;5;7;2;2;4;2;4;2;4;6;2;2;2;4;5;2;4;2;2;4;2;4;2;2;2;2;2;2;2;4;2;2;2;2;2;2;2;4;2;2;2;2;2;2;4;2;2;2;2;2;4;2;4;6;8;2;2;2;4;6;2;4;2;2;4;6;2;4;2;2;2;2;2;2;2
ge_Q1_P51537;AS-PIN;2;4;1;3;5;2;2;2;2;4;2;4;6;8;2;2;2;2;2;4;2;1;3;2;1;3;5;7;2;2;4;2;4;2;4;6;2;2;2;4;5;2;4;2;2;4;2;4;2;2;2;2;2;2;2;4;2;2;2;2;2;2;2;4;2;2;2;2;2;2;4;2;2;2;2;2;4;2;4;6;8;2;2;2;4;6;2;4;2;2;4;6;2;4;2;2;2;2;2;2;2
ge_Q1_P10219;AS-PIN;2;4;1;3;5;2;2;2;2;4;2;4;6;8;2;2;2;2;2;4;2;1;3;2;1;3;5;7;2;2;4;2;4;2;4;6;2;2;2;4;5;2;4;2;2;4;2;4;2;2;2;2;2;2;2;4;2;2;2;2;2;2;2;4;2;2;2;2;2;2;4;2;2;2;2;2;4;2;4;6;8;2;2;2;4;6;2;4;2;2;4;6;2;4;2;2;2;2;2;2;2
ge_Q1_P12092;AS-PIN;2;4;1;3;5;2;2;2;2;4;2;4;6;8;2;2;2;2;2;4;2;1;3;2;1;3;5;7;2;2;4;2;4;2;4;6;2;2;2;4;5;2;4;2;2;4;2;4;2;2;2;2;2;2;2;4;2;2;2;2;2;2;2;4;2;2;2;2;2;2;4;2;2;2;2;2;4;2;4;6;8;2;2;2;4;6;2;4;2;2;4;6;2;4;2;2;2;2;2;2;2
ge_Q1_P12172;AS-PIN;2;4;1;3;5;2;2;2;2;4;2;4;6;8;2;2;2;2;2;4;2;1;3;2;1;3;5;7;2;2;4;2;4;2;4;6;2;2;2;4;5;2;4;2;2;4;2;4;2;2;2;2;2;2;2;4;2;2;2;2;2;2;2;4;2;2;2;2;2;2;4;2;2;2;2;2;4;2;4;6;8;2;2;2;4;6;2;4;2;2;4;6;2;4;2;2;2;2;2;2;2
ge_Q1_P11340;AS-PIN;2;4;1;3;5;2;2;2;2;4;2;4;6;8;2;2;2;2;2;4;2;1;3;2;1;3;5;7;2;2;4;2;4;2;4;6;2;2;2;4;5;2;4;2;2;4;2;4;2;2;2;2;2;2;2;4;2;2;2;2;2;2;2;4;2;2;2;2;2;2;4;2;2;2;2;2;4;2;4;6;8;2;2;2;4;6;2;4;2;2;4;6;2;4;2;2;2;2;2;2;2
ge_Q1_P10293;AS-PIN;2;4;1;3;5;2;2;2;2;4;2;4;6;8;2;2;2;2;2;4;2;1;3;2;1;3;5;7;2;2;4;2;4;2;4;6;2;2;2;4;5;2;4;2;2;4;2;4;2;2;2;2;2;2;2;4;2;2;2;2;2;2;2;4;2;2;2;2;2;2;4;2;2;2;2;2;4;2;4;6;8;2;2;2;4;6;2;4;2;2;4;6;2;4;2;2;2;2;2;2;2
ge_Q1_P20485;AS-PIN;2;4;1;3;5;2;2;2;2;4;2;4;6;8;2;2;2;2;2;4;2;1;3;2;1;3;5;7;2;2;4;2;4;2;4;6;2;2;2;4;5;2;4;2;2;4;2;4;2;2;2;2;2;2;2;4;2;2;2;2;2;2;2;4;2;2;2;2;2;2;4;2;2;2;2;2;4;2;4;6;8;2;2;2;4;6;2;4;2;2;4;6;2;4;2;2;2;2;2;2;2
ge_Q1_P11032;AS-PIN;2;4;1;3;5;2;2;2;2;4;2;4;6;8;2;2;2;2;2;4;2;1;3;2;1;3;5;7;2;2;4;2;4;2;4;6;2;2;2;4;5;2;4;2;2;4;2;4;2;2;2;2;2;2;2;4;2;2;2;2;2;2;2;4;2;2;2;2;2;2;4;2;2;2;2;2;4;2;4;6;8;2;2;2;4;6;2;4;2;2;4;6;2;4;2;2;2;2;2;2;2
ge_Q1_P27789;AS-TIN;2;4;1;3;5;2;2;2;2;4;2;4;6;8;2;2;2;2;2;4;2;1;3;2;1;3;5;7;2;2;4;2;4;2;4;6;2;2;2;4;5;2;4;2;2;4;2;4;2;2;2;2;2;2;2;4;2;2;2;2;2;2;2;4;2;2;2;2;2;2;4;2;2;2;2;2;4;2;4;6;8;2;2;2;4;6;2;4;2;2;4;6;2;4;2;2;2;2;2;2;2
ge_Q1_P11498;AS-PIN;2;4;1;3;5;2;2;2;2;4;2;4;6;8;2;2;2;2;2;4;2;1;3;2;1;3;5;7;2;2;4;2;4;2;4;6;2;2;2;4;5;2;4;2;2;4;2;4;2;2;2;2;2;2;2;4;2;2;2;2;2;2;2;4;2;2;2;2;2;2;4;2;2;2;2;2;4;2;4;6;8;2;2;2;4;6;2;4;2;2;4;6;2;4;2;2;2;2;2;2;2
ge_Q1_P10634;AS-PIN;2;4;1;3;5;2;2;2;2;4;2;4;6;8;2;2;2;2;2;4;2;1;3;2;1;3;5;7;2;2;4;2;4;2;4;6;2;2;2;4;5;2;4;2;2;4;2;4;2;2;2;2;2;2;2;4;2;2;2;2;2;2;2;4;2;2;2;2;2;2;4;2;2;2;2;2;4;2;4;6;8;2;2;2;4;6;2;4;2;2;4;6;2;4;2;2;2;2;2;2;2
ge_Q1_P10410;AS-PIN;2;4;1;3;5;2;2;2;2;4;2;4;6;8;2;2;2;2;2;4;2;1;3;2;1;3;5;7;2;2;4;2;4;2;4;6;2;2;2;4;5;2;4;2;2;4;2;4;2;2;2;2;2;2;2;4;2;2;2;2;2;2;2;4;2;2;2;2;2;2;4;2;2;2;2;2;4;2;4;6;8;2;2;2;4;6;2;4;2;2;4;6;2;4;2;2;2;2;2;2;2
ge_Q1_P11014;AS-PIN;2;4;1;3;5;2;2;2;2;4;2;4;6;8;2;2;2;2;2;4;2;1;3;2;1;3;5;7;2;2;4;2;4;2;4;6;2;2;2;4;5;2;4;2;2;4;2;4;2;2;2;2;2;2;2;4;2;2;2;2;2;2;2;4;2;2;2;2;2;2;4;2;2;2;2;2;4;2;4;6;8;2;2;2;4;6;2;4;2;2;4;6;2;4;2;2;2;2;2;2;2
ge_Q1_P10152;AS-PIN;2;4;1;3;5;2;2;2;2;4;2;4;6;8;2;2;2;2;2;4;2;1;3;2;1;3;5;7;2;2;4;2;4;2;4;6;2;2;2;4;5;2;4;2;2;4;2;4;2;2;2;2;2;2;2;4;2;2;2;2;2;2;2;4;2;2;2;2;2;2;4;2;2;2;2;2;4;2;4;6;8;2;2;2;4;6;2;4;2;2;4;6;2;4;2;2;2;2;2;2;2
ge_Q1_P29340;AS-TIN;2;4;1;3;5;2;2;2;2;4;2;4;6;8;2;2;2;2;2;4;2;1;3;2;1;3;5;7;2;2;4;2;4;2;4;6;2;2;2;4;5;2;4;2;2;4;2;4;2;2;2;2;2;2;2;4;2;2;2;2;2;2;2;4;2;2;2;2;2;2;4;2;2;2;2;2;4;2;4;6;8;2;2;2;4;6;2;4;2;2;4;6;2;4;2;2;2;2;2;2;2
ge_Q1_P11352;AS-PIN;2;4;1;3;5;2;2;2;2;4;2;4;6;8;2;2;2;2;2;4;2;1;3;2;1;3;5;7;2;2;4;2;4;2;4;6;2;2;2;4;5;2;4;2;2;4;2;4;2;2;2;2;2;2;2;4;2;2;2;2;2;2;2;4;2;2;2;2;2;2;4;2;2;2;2;2;4;2;4;6;8;2;2;2;4;6;2;4;2;2;4;6;2;4;2;2;2;2;2;2;2
ge_Q1_P10123;AS-PIN;2;4;1;3;5;2;2;2;2;4;2;4;6;8;2;2;2;2;2;4;2;1;3;2;1;3;5;7;2;2;4;2;4;2;4;6;2;2;2;4;5;2;4;2;2;4;2;4;2;2;2;2;2;2;2;4;2;2;2;2;2;2;2;4;2;2;2;2;2;2;4;2;2;2;2;2;4;2;4;6;8;2;2;2;4;6;2;4;2;2;4;6;2;4;2;2;2;2;2;2;2
ge_Q1_P12650;AS-PIN;2;4;1;3;5;2;2;2;2;4;2;4;6;8;2;2;2;2;2;4;2;1;3;2;1;3;5;7;2;2;4;2;4;2;4;6;2;2;2;4;5;2;4;2;2;4;2;4;2;2;2;2;2;2;2;4;2;2;2;2;2;2;2;4;2;2;2;2;2;2;4;2;2;2;2;2;4;2;4;6;8;2;2;2;4;6;2;4;2;2;4;6;2;4;2;2;2;2;2;2;2
ge_Q1_P10271;AS-PIN;2;4;1;3;5;2;2;2;2;4;2;4;6;8;2;2;2;2;2;4;2;1;3;2;1;3;5;7;2;2;4;2;4;1;3;5;7;8;9;11;12;13;15;16;17;19;20;2;4;5;6;7;8;9;10;12;13;14;15;16;17;18;19;21;22;23;24;25;26;27;29;30;31;32;33;34;36;37;38;39;41;42;43;44;46;48;49;51;52;53;54;55;56;57;58;59;60;61;62;63;64
ge_Q1_P27515;AS-TIN;2;4;1;3;5;2;2;2;2;4;2;4;6;8;2;2;2;2;2;4;2;1;3;2;1;3;5;7;2;2;4;2;4;2;4;6;2;2;2;4;5;2;4;2;2;4;2;4;2;2;2;2;2;2;2;4;2;2;2;2;2;2;2;4;2;2;2;2;2;2;4;2;2;2;2;2;4;2;4;6;8;2;2;2;4;6;2;4;2;2;4;6;2;4;2;2;2;2;2;2;2
ge_Q1_P11180;AS-PIN;2;4;1;3;5;2;2;2;2;4;2;4;6;8;2;2;2;2;2;4;2;1;3;2;1;3;5;7;2;2;4;2;4;2;4;6;2;2;2;4;5;2;4;2;2;4;2;4;2;2;2;2;2;2;2;4;2;2;2;2;2;2;2;4;2;2;2;2;2;2;4;2;2;2;2;2;4;2;4;6;8;2;2;2;4;6;2;4;2;2;4;6;2;4;2;2;2;2;2;2;2
ge_Q1_P10133;AS-PIN;2;4;1;3;5;2;2;2;2;4;2;4;6;8;2;2;2;2;2;4;2;1;3;2;1;3;5;7;2;2;4;2;4;2;4;6;2;2;2;4;5;2;4;2;2;4;2;4;2;2;2;2;2;2;2;4;2;2;2;2;2;2;2;4;2;2;2;2;2;2;4;2;2;2;2;2;4;2;4;6;8;2;2;2;4;6;2;4;2;2;4;6;2;4;2;2;2;2;2;2;2
ge_Q1_P13145;AS-PIN;2;4;1;3;5;2;2;2;2;4;2;4;6;8;2;2;2;2;2;4;2;1;3;2;1;3;5;7;2;2;4;2;4;2;4;6;2;2;2;4;5;2;4;2;2;4;2;4;2;2;2;2;2;2;2;4;2;2;2;2;2;2;2;4;2;2;2;2;2;2;4;2;2;2;2;2;4;2;4;6;8;2;2;2;4;6;2;4;2;2;4;6;2;4;2;2;2;2;2;2;2
ge_Q1_P09784;AS-PIN;2;4;1;3;5;2;2;2;2;4;2;4;6;8;2;2;2;2;2;4;2;1;3;2;1;3;5;7;2;2;4;2;4;2;4;6;2;2;2;4;5;2;4;2;2;4;2;4;2;2;2;2;2;2;2;4;2;2;2;2;2;2;2;4;2;2;2;2;2;2;4;2;2;2;2;2;4;2;4;6;8;2;2;2;4;6;2;4;2;2;4;6;2;4;2;2;2;2;2;2;2
ge_Q1_P11365;AS-PIN;2;4;1;3;5;2;2;2;2;4;2;4;6;8;2;2;2;2;2;4;2;1;3;2;1;3;5;7;2;2;4;2;4;2;4;6;2;2;2;4;5;2;4;2;2;4;2;4;2;2;2;2;2;2;2;4;2;2;2;2;2;2;2;4;2;2;2;2;2;2;4;2;2;2;2;2;4;2;4;6;8;2;2;2;4;6;2;4;2;2;4;6;2;4;2;2;2;2;2;2;2
ge_Q1_P10577;AS-PIN;2;4;1;3;5;2;2;2;2;4;2;4;6;8;2;2;2;2;2;4;2;1;3;2;1;3;5;7;2;2;4;2;4;2;4;6;2;2;2;4;5;2;4;2;2;4;2;4;2;2;2;2;2;2;2;4;2;2;2;2;2;2;2;4;2;2;2;2;2;2;4;2;2;2;2;2;4;2;4;6;8;2;2;2;4;6;2;4;2;2;4;6;2;4;2;2;2;2;2;2;2
ge_Q1_P28345;AS-TIN;2;4;1;3;5;2;2;2;2;4;2;4;6;8;2;2;2;2;2;4;2;1;3;2;1;3;5;7;2;2;4;2;4;2;4;6;2;2;2;4;5;2;4;2;2;4;2;4;2;2;2;2;2;2;2;4;2;2;2;2;2;2;2;4;2;2;2;2;2;2;4;2;2;2;2;2;4;2;4;6;8;2;2;2;4;6;2;4;2;2;4;6;2;4;2;2;2;2;2;2;2
ge_Q1_P50209;AS-PIN;2;4;1;3;5;2;2;2;2;4;2;4;6;8;2;2;2;2;2;4;2;1;3;2;1;3;5;7;2;2;4;2;4;2;4;6;2;2;2;4;5;2;4;2;2;4;2;4;2;2;2;2;2;2;2;4;2;2;2;2;2;2;2;4;2;2;2;2;2;2;4;2;2;2;2;2;4;2;4;6;8;2;2;2;4;6;2;4;2;2;4;6;2;4;2;2;2;2;2;2;2
ge_Q1_P11597;AS-PIN;2;4;1;3;5;2;2;2;2;4;2;4;6;8;2;2;2;2;2;4;2;1;3;2;1;3;5;7;2;2;4;2;4;2;4;6;2;2;2;4;5;2;4;2;2;4;2;4;2;2;2;2;2;2;2;4;2;2;2;2;2;2;2;4;2;2;2;2;2;2;4;2;2;2;2;2;4;2;4;6;8;2;2;2;4;6;2;4;2;2;4;6;2;4;2;2;2;2;2;2;2
ge_Q1_P11161;AS-PIN;2;4;1;3;5;2;2;2;2;4;2;4;6;8;2;2;2;2;2;4;2;1;3;2;1;3;5;7;2;2;4;2;4;2;4;6;2;2;2;4;5;2;4;2;2;4;2;4;2;2;2;2;2;2;2;4;2;2;2;2;2;2;2;4;2;2;2;2;2;2;4;2;2;2;2;2;4;2;4;6;8;2;2;2;4;6;2;4;2;2;4;6;2;4;2;2;2;2;2;2;2
ge_Q1_P11120;AS-PIN;2;4;1;3;5;2;2;2;2;4;2;4;6;8;2;2;2;2;2;4;2;1;3;2;1;3;5;7;2;2;4;2;4;2;4;6;2;2;2;4;5;2;4;2;2;4;2;4;2;2;2;2;2;2;2;4;2;2;2;2;2;2;2;4;2;2;2;2;2;2;4;2;2;2;2;2;4;2;4;6;8;2;2;2;4;6;2;4;2;2;4;6;2;4;2;2;2;2;2;2;2
ge_Q1_P09850;AS-PIN;2;4;1;3;5;2;2;2;2;4;2;4;6;8;2;2;2;2;2;4;2;1;3;2;1;3;5;7;2;2;4;2;4;2;4;6;2;2;2;4;5;2;4;2;2;4;2;4;2;2;2;2;2;2;2;4;2;2;2;2;2;2;2;4;2;2;2;2;2;2;4;2;2;2;2;2;4;2;4;6;8;2;2;2;4;6;2;4;2;2;4;6;2;4;2;2;2;2;2;2;2
ge_Q1_P12026;AS-PIN;2;4;1;3;5;2;2;2;2;4;2;4;6;8;2;2;2;2;2;4;2;1;3;2;1;3;5;7;2;2;4;2;4;2;4;6;2;2;2;4;5;2;4;2;2;4;2;4;2;2;2;2;2;2;2;4;2;2;2;2;2;2;2;4;2;2;2;2;2;2;4;2;2;2;2;2;4;2;4;6;8;2;2;2;4;6;2;4;2;2;4;6;2;4;2;2;2;2;2;2;2
ge_Q1_P29828;AS-TIN;2;4;1;3;5;2;2;2;2;4;2;4;6;8;2;2;2;2;2;4;2;1;3;2;1;3;5;7;2;2;4;2;4;2;4;6;2;2;2;4;5;2;4;2;2;4;2;4;2;2;2;2;2;2;2;4;2;2;2;2;2;2;2;4;2;2;2;2;2;2;4;2;2;2;2;2;4;2;4;6;8;2;2;2;4;6;2;4;2;2;4;6;2;4;2;2;2;2;2;2;2
ge_Q1_P12497;AS-PIN;2;4;1;3;5;2;2;2;2;4;2;4;6;8;2;2;2;2;2;4;2;1;3;2;1;3;5;7;2;2;4;2;4;2;4;6;2;2;2;4;5;2;4;2;2;4;2;4;2;2;2;2;2;2;2;4;2;2;2;2;2;2;2;4;2;2;2;2;2;2;4;2;2;2;2;2;4;2;4;6;8;2;2;2;4;6;2;4;2;2;4;6;2;4;2;2;2;2;2;2;2
ge_Q1_P10126;AS-PIN;2;4;1;3;5;2;2;2;2;4;2;4;6;8;2;2;2;2;2;4;2;1;3;2;1;3;5;7;2;2;4;2;4;2;4;6;2;2;2;4;5;2;4;2;2;4;2;4;2;2;2;2;2;2;2;4;2;2;2;2;2;2;2;4;2;2;2;2;2;2;4;2;2;2;2;2;4;2;4;6;8;2;2;2;4;6;2;4;2;2;4;6;2;4;2;2;2;2;2;2;2
ge_Q1_P11218;AS-PIN;2;4;1;3;5;2;2;2;2;4;2;4;6;8;2;2;2;2;2;4;2;1;3;2;1;3;5;7;2;2;4;2;4;2;4;6;2;2;2;4;5;2;4;2;2;4;2;4;2;2;2;2;2;2;2;4;2;2;2;2;2;2;2;4;2;2;2;2;2;2;4;2;2;2;2;2;4;2;4;6;8;2;2;2;4;6;2;4;2;2;4;6;2;4;2;2;2;2;2;2;2
ge_Q1_P19998;AS-PIN;2;4;1;3;5;2;2;2;2;4;2;4;6;8;2;2;2;2;2;4;2;1;3;2;1;3;5;7;2;2;4;2;4;2;4;6;2;2;2;4;5;2;4;2;2;4;2;4;2;2;2;2;2;2;2;4;2;2;2;2;2;2;2;4;2;2;2;2;2;2;4;2;2;2;2;2;4;2;4;6;8;2;2;2;4;6;2;4;2;2;4;6;2;4;2;2;2;2;2;2;2
ge_Q1_P12320;AS-PIN;2;4;1;3;5;2;2;2;2;4;2;4;6;8;2;2;2;2;2;4;2;1;3;2;1;3;5;7;2;2;4;2;4;2;4;6;2;2;2;4;5;2;4;2;2;4;2;4;2;2;2;2;2;2;2;4;2;2;2;2;2;2;2;4;2;2;2;2;2;2;4;2;2;2;2;2;4;2;4;6;8;2;2;2;4;6;2;4;2;2;4;6;2;4;2;2;2;2;2;2;2
ge_Q1_P30125;AS-TIN;2;4;1;3;5;2;2;2;2;4;2;4;6;8;2;2;2;2;2;4;2;1;3;2;1;3;5;7;2;2;4;2;4;2;4;6;2;2;2;4;5;2;4;2;2;4;2;4;2;2;2;2;2;2;2;4;2;2;2;2;2;2;2;4;2;2;2;2;2;2;4;2;2;2;2;2;4;2;4;6;8;2;2;2;4;6;2;4;2;2;4;6;2;4;2;2;2;2;2;2;2
ge_Q1_P26679;AS-TIN;2;4;1;3;5;2;2;2;2;4;2;4;6;8;2;2;2;2;2;4;2;1;3;2;1;3;5;7;2;2;4;2;4;2;4;6;2;2;2;4;5;2;4;2;2;4;2;4;2;2;2;2;2;2;2;4;2;2;2;2;2;2;2;4;2;2;2;2;2;2;4;2;2;2;2;2;4;2;4;6;8;2;2;2;4;6;2;4;2;2;4;6;2;4;2;2;2;2;2;2;2
ge_Q1_P11275;AS-PIN;2;4;1;3;5;2;2;2;2;4;2;4;6;8;2;2;2;2;2;4;2;1;3;2;1;3;5;7;2;2;4;2;4;2;4;6;2;2;2;4;5;2;4;2;2;4;2;4;2;2;2;2;2;2;2;4;2;2;2;2;2;2;2;4;2;2;2;2;2;2;4;2;2;2;2;2;4;2;4;6;8;2;2;2;4;6;2;4;2;2;4;6;2;4;2;2;2;2;2;2;2
ge_Q1_P11717;AS-PIN;2;4;1;3;5;2;2;2;2;4;2;4;6;8;2;2;2;2;2;4;2;1;3;2;1;3;5;7;2;2;4;2;4;2;4;6;2;2;2;4;5;2;4;2;2;4;2;4;2;2;2;2;2;2;2;4;2;2;2;2;2;2;2;4;2;2;2;2;2;2;4;2;2;2;2;2;4;2;4;6;8;2;2;2;4;6;2;4;2;2;4;6;2;4;2;2;2;2;2;2;2
ge_Q1_P10157;AS-PIN;2;4;1;3;5;2;2;2;2;4;2;4;6;8;2;2;2;2;2;4;2;1;3;2;1;3;5;7;2;2;4;2;4;2;4;6;2;2;2;4;5;2;4;2;2;4;2;4;2;2;2;2;2;2;2;4;2;2;2;2;2;2;2;4;2;2;2;2;2;2;4;2;2;2;2;2;4;2;4;6;8;2;2;2;4;6;2;4;2;2;4;6;2;4;2;2;2;2;2;2;2
ge_Q1_P11466;AS-PIN;2;4;1;3;5;2;2;2;2;4;2;4;6;8;2;2;2;2;2;4;2;1;3;2;1;3;5;7;2;2;4;2;4;2;4;6;2;2;2;4;5;2;4;2;2;4;2;4;2;2;2;2;2;2;2;4;2;2;2;2;2;2;2;4;2;2;2;2;2;2;4;2;2;2;2;2;4;2;4;6;8;2;2;2;4;6;2;4;2;2;4;6;2;4;2;2;2;2;2;2;2
ge_Q1_P51387;AS-PIN;2;4;1;3;5;2;2;2;2;4;2;4;6;8;2;2;2;2;2;4;2;1;3;2;1;3;5;7;2;2;4;2;4;2;4;6;2;2;2;4;5;2;4;2;2;4;2;4;2;2;2;2;2;2;2;4;2;2;2;2;2;2;2;4;2;2;2;2;2;2;4;2;2;2;2;2;4;2;4;6;8;2;2;2;4;6;2;4;2;2;4;6;2;4;2;2;2;2;2;2;2
ge_Q1_P27221;AS-TIN;2;4;1;3;5;2;2;2;2;4;2;4;6;8;2;2;2;2;2;4;2;1;3;2;1;3;5;7;2;2;4;2;4;2;4;6;2;2;2;4;5;2;4;2;2;4;2;4;2;2;2;2;2;2;2;4;2;2;2;2;2;2;2;4;2;2;2;2;2;2;4;2;2;2;2;2;4;2;4;6;8;2;2;2;4;6;2;4;2;2;4;6;2;4;2;2;2;2;2;2;2
ge_Q1_P29904;AS-TIN;2;4;1;3;5;2;2;2;2;4;2;4;6;8;2;2;2;2;2;4;2;1;3;2;1;3;5;7;2;2;4;2;4;2;4;6;2;2;2;4;5;2;4;2;2;4;2;4;2;2;2;2;2;2;2;4;2;2;2;2;2;2;2;4;2;2;2;2;2;2;4;2;2;2;2;2;4;2;4;6;8;2;2;2;4;6;2;4;2;2;4;6;2;4;2;2;2;2;2;2;2
ge_Q1_P32181;AS-TIN;2;4;1;3;5;2;2;2;2;4;2;4;6;8;2;2;2;2;2;4;2;1;3;2;1;3;5;7;2;2;4;2;4;2;4;6;2;2;2;4;5;2;4;2;2;4;2;4;2;2;2;2;2;2;2;4;2;2;2;2;2;2;2;4;2;2;2;2;2;2;4;2;2;2;2;2;4;2;4;6;8;2;2;2;4;6;2;4;2;2;4;6;2;4;2;2;2;2;2;2;2
ge_Q1_P30458;AS-TIN;2;4;1;3;5;2;2;2;2;4;2;4;6;8;2;2;2;2;2;4;2;1;3;2;1;3;5;7;2;2;4;2;4;2;4;6;2;2;2;4;5;2;4;2;2;4;2;4;2;2;2;2;2;2;1;3;5;6;7;8;9;10;11;13;14;15;16;17;18;19;21;22;23;24;25;26;28;29;30;31;33;34;35;36;38;40;41;43;44;45;46;47;48;49;50;51;52;53;54;55;56
ge_Q1_P30221;AS-TIN;2;4;1;3;5;2;2;2;2;4;2;4;6;8;2;2;2;2;2;4;2;1;3;2;1;3;5;7;2;2;4;2;4;2;4;6;2;2;2;4;5;2;4;2;2;4;2;4;2;2;2;2;2;2;2;4;2;2;2;2;2;2;2;4;2;2;2;2;2;2;4;2;2;2;2;2;4;2;4;6;8;2;2;2;4;6;2;4;2;2;4;6;2;4;2;2;2;2;2;2;2
ge_Q1_P29939;AS-TIN;2;4;1;3;5;2;2;2;2;4;2;4;6;8;2;2;2;2;2;4;2;1;3;2;1;3;5;7;2;2;4;2;4;2;4;6;2;2;2;4;5;2;4;2;2;4;2;4;2;2;2;2;2;2;2;4;2;2;2;2;2;2;2;4;2;2;2;2;2;2;4;2;2;2;2;2;4;2;4;6;8;2;2;2;4;6;2;4;2;2;4;6;2;4;2;2;2;2;2;2;2
ge_Q1_P26612;AS-TIN;2;4;1;3;5;2;2;2;2;4;2;4;6;8;2;2;2;2;2;4;2;1;3;2;1;3;5;7;2;2;4;2;4;2;4;6;2;2;2;4;5;2;4;2;2;4;2;4;2;2;2;2;2;2;2;4;2;2;2;2;2;2;2;4;2;2;2;2;2;2;4;2;2;2;2;2;4;2;4;6;8;2;2;2;4;6;2;4;2;2;4;6;2;4;2;2;2;2;2;2;2
ge_Q1_P39586;AS-TIN;2;4;1;3;5;2;2;2;2;4;2;4;6;8;2;2;2;2;2;4;2;1;3;2;1;3;5;7;2;2;4;2;4;2;4;6;2;2;2;4;5;2;4;2;2;4;2;4;2;2;2;2;2;2;2;4;2;2;2;2;2;2;2;4;2;2;2;2;2;2;4;2;2;2;2;2;4;2;4;6;8;2;2;2;4;6;2;4;2;2;4;6;2;4;2;2;2;2;2;2;2
ge_Q1_P29033;AS-TIN;2;4;1;3;5;2;2;2;2;4;2;4;6;8;2;2;2;2;2;4;2;1;3;2;1;3;5;7;2;2;4;2;4;2;4;6;2;2;2;4;5;2;4;2;2;4;2;4;2;2;2;2;2;2;2;4;2;2;2;2;2;2;2;4;2;2;2;2;2;2;4;2;2;2;2;2;4;2;4;6;8;2;2;2;4;6;2;4;2;2;4;6;2;4;2;2;2;2;2;2;2
ge_Q1_P26671;AS-TIN;2;4;1;3;5;2;2;2;2;4;2;4;6;8;2;2;2;2;2;4;2;1;3;2;1;3;5;7;2;2;4;2;4;2;4;6;2;2;2;4;5;2;4;2;2;4;2;4;2;2;2;2;2;2;2;4;2;2;2;2;2;2;2;4;2;2;2;2;2;2;4;2;2;2;2;2;4;2;4;6;8;2;2;2;4;6;2;4;2;2;4;6;2;4;2;2;2;2;2;2;2
ge_Q1_P30059;AS-TIN;2;4;1;3;5;2;2;2;2;4;2;4;6;8;2;2;2;2;2;4;2;1;3;2;1;3;5;7;2;2;4;2;4;2;4;6;2;2;2;4;5;2;4;2;2;4;2;4;2;2;2;2;2;2;2;4;2;2;2;2;2;2;2;4;2;2;2;2;2;2;4;2;2;2;2;2;4;2;4;6;8;2;2;2;4;6;2;4;2;2;4;6;2;4;2;2;2;2;2;2;2
ge_Q1_P29198;AS-TIN;2;4;1;3;5;2;2;2;2;4;2;4;6;8;2;2;2;2;2;4;2;1;3;2;1;3;5;7;2;2;4;2;4;2;4;6;2;2;2;4;5;2;4;2;2;4;2;4;2;2;2;2;2;2;2;4;2;2;2;2;2;2;2;4;2;2;2;2;2;2;4;2;2;2;2;2;4;2;4;6;8;2;2;2;4;6;2;4;2;2;4;6;2;4;2;2;2;2;2;2;2
ge_Q1_P31971;AS-TIN;2;4;1;3;5;2;2;2;2;4;2;4;6;8;2;2;2;2;2;4;2;1;3;2;1;3;5;7;2;2;4;2;4;2;4;6;2;2;2;4;5;2;4;2;2;4;2;4;2;2;2;2;2;2;2;4;2;2;2;2;2;2;2;4;2;2;2;2;2;2;4;2;2;2;2;2;4;2;4;6;8;2;2;2;4;6;2;4;2;2;4;6;2;4;2;2;2;2;2;2;2
ge_Q1_P28964;AS-TIN;2;4;1;3;5;2;2;2;2;4;2;4;6;8;2;2;2;2;2;4;2;1;3;2;1;3;5;7;2;2;4;2;4;2;4;6;2;2;2;4;5;2;4;2;2;4;2;4;2;2;2;2;2;2;2;4;2;2;2;2;2;2;2;4;2;2;2;2;2;2;4;2;2;2;2;2;4;2;4;6;8;2;2;2;4;6;2;4;2;2;4;6;2;4;2;2;2;2;2;2;2
ge_Q1_P28394;AS-TIN;2;4;1;3;5;2;2;2;2;4;2;4;6;8;2;2;2;2;2;4;2;1;3;2;1;3;5;7;2;2;4;2;4;2;4;6;2;2;2;4;5;2;4;2;2;4;2;4;2;2;2;2;2;2;2;4;2;2;2;2;2;2;2;4;2;2;2;2;2;2;4;2;2;2;2;2;4;2;4;6;8;2;2;2;4;6;2;4;2;2;4;6;2;4;2;2;2;2;2;2;2
ge_Q1_P26665;AS-TIN;2;4;1;3;5;2;2;2;2;4;2;4;6;8;2;2;2;2;2;4;2;1;3;2;1;3;5;7;2;2;4;2;4;2;4;6;2;2;2;4;5;2;4;2;2;4;2;4;2;2;2;2;2;2;2;4;2;2;2;2;2;2;2;4;2;2;2;2;2;2;4;2;2;2;2;2;4;2;4;6;8;2;2;2;4;6;2;4;2;2;4;6;2;4;2;2;2;2;2;2;2
ge_Q1_P32125;AS-TIN;71;73;74;75;76;77;78;79;80;81;82;84;85;86;87;88;89;90;91;92;93;94;95;96;97;98;99;100;101;102;103;104;105;106;107;108;109;110;111;112;113;114;115;116;117;118;119;120;121;122;123;124;125;126;127;128;129;130;131;132;133;134;135;136;137;138;139;140;141;142;143;144;145;146;147;148;149;150;151;152;153;154;155;156;157;158;159;160;161;162;163;164;165;166;167;168;169;170;171;172;173
ge_Q1_P29856;AS-TIN;2;4;1;3;5;2;2;2;2;4;2;4;6;8;2;2;2;2;2;4;2;1;3;2;1;3;5;7;2;2;4;2;4;2;4;6;2;2;2;4;5;2;4;2;2;4;2;4;2;2;2;2;2;2;2;4;2;2;2;2;2;2;2;4;2;2;2;2;2;2;4;2;2;2;2;2;4;2;4;6;8;2;2;2;4;6;2;4;2;2;4;6;2;4;2;2;2;2;2;2;2
ge_Q1_P29046;AS-TIN;2;4;1;3;5;2;2;2;2;4;2;4;6;8;2;2;2;2;2;4;2;1;3;2;1;3;5;7;2;2;4;2;4;2;4;6;2;2;2;4;5;2;4;2;2;4;2;4;2;2;2;2;2;2;2;4;2;2;2;2;2;2;2;4;2;2;2;2;2;2;4;2;2;2;2;2;4;2;4;6;8;2;2;2;4;6;2;4;2;2;4;6;2;4;2;2;2;2;2;2;2
ge_Q1_P29060;AS-TIN;2;4;1;3;5;2;2;2;2;4;2;4;6;8;2;2;2;2;2;4;2;1;3;2;1;3;5;7;2;2;4;2;4;2;4;6;2;2;2;4;5;2;4;2;2;4;2;4;2;2;2;2;2;2;2;4;2;2;2;2;2;2;2;4;2;2;2;2;2;2;4;2;2;2;2;2;4;2;4;6;8;2;2;2;4;6;2;4;2;2;4;6;2;4;2;2;2;2;2;2;2
ge_Q1_P37088;AS-TIN;2;4;1;3;5;2;2;2;2;4;2;4;6;8;2;2;2;2;2;4;2;1;3;2;1;3;5;7;2;2;4;2;4;2;4;6;2;2;2;4;5;2;4;2;2;4;2;4;2;2;2;2;2;2;2;4;2;2;2;2;2;2;2;4;2;2;2;2;2;2;4;2;2;2;2;2;4;2;4;6;8;2;2;2;4;6;2;4;2;2;4;6;2;4;2;2;2;2;2;2;2
ge_Q1_P28963;AS-TIN;2;4;1;3;5;2;2;2;2;4;2;4;6;8;2;2;2;2;2;4;2;1;3;2;1;3;5;7;2;2;4;2;4;2;4;6;2;2;2;4;5;2;4;2;2;4;2;4;2;2;2;2;2;2;2;4;2;2;2;2;2;2;2;4;2;2;2;2;2;2;4;2;2;2;2;2;4;2;4;6;8;2;2;2;4;6;2;4;2;2;4;6;2;4;2;2;2;2;2;2;2
ge_Q1_P31885;AS-TIN;2;4;1;3;5;2;2;2;2;4;2;4;6;8;2;2;2;2;2;4;2;1;3;2;1;3;5;7;2;2;4;2;4;2;4;6;2;2;2;4;5;2;4;2;2;4;2;4;2;2;2;2;2;2;2;4;2;2;2;2;2;2;2;4;2;2;2;2;2;2;4;2;2;2;2;2;4;2;4;6;8;2;2;2;4;6;2;4;2;2;4;6;2;4;2;2;2;2;2;2;2
ge_Q1_P27456;AS-TIN;2;4;1;3;5;2;2;2;2;4;2;4;6;8;2;2;2;2;2;4;2;1;3;2;1;3;5;7;2;2;4;2;4;2;4;6;2;2;2;4;5;2;4;2;2;4;2;4;2;2;2;2;2;2;2;4;2;2;2;2;2;2;2;4;2;2;2;2;2;2;4;2;2;2;2;2;4;2;4;6;8;2;2;2;4;6;2;4;2;2;4;6;2;4;2;2;2;2;2;2;2
ge_Q1_P29935;AS-TIN;2;4;1;3;5;2;2;2;2;4;2;4;6;8;2;2;2;2;2;4;2;1;3;2;1;3;5;7;2;2;4;2;4;2;4;6;2;2;2;4;5;2;4;2;2;4;2;4;2;2;2;2;2;2;2;4;2;2;2;2;2;2;2;4;2;2;2;2;2;2;4;2;2;2;2;2;4;2;4;6;8;2;2;2;4;6;2;4;2;2;4;6;2;4;2;2;2;2;2;2;2
ge_Q1_P38396;AS-TIN;2;4;1;3;5;2;2;2;2;4;2;4;6;8;2;2;2;2;2;4;2;1;3;2;1;3;5;7;2;2;4;2;4;2;4;6;2;2;2;4;5;2;4;2;2;4;2;4;2;2;2;2;2;2;2;4;2;2;2;2;2;2;2;4;2;2;2;2;2;2;4;2;2;2;2;2;4;2;4;6;8;2;2;2;4;6;2;4;2;2;4;6;2;4;2;2;2;2;2;2;2
ge_Q1_P27873;AS-TIN;2;4;1;3;5;2;2;2;2;4;2;4;6;8;2;2;2;2;2;4;2;1;3;2;1;3;5;7;2;2;4;2;4;2;4;6;2;2;2;4;5;2;4;2;2;4;2;4;2;2;2;2;2;2;2;4;2;2;2;2;2;2;2;4;2;2;2;2;2;2;4;2;2;2;2;2;4;2;4;6;8;2;2;2;4;6;2;4;2;2;4;6;2;4;2;2;2;2;2;2;2
ge_Q1_P39877;AS-TIN;2;4;1;3;5;2;2;2;2;4;2;4;6;8;2;2;2;2;2;4;2;1;3;2;1;3;5;7;2;2;4;2;4;2;4;6;2;2;2;4;5;2;4;2;2;4;2;4;2;2;2;2;2;2;2;4;2;2;2;2;2;2;2;4;2;2;2;2;2;2;4;2;2;2;2;2;4;2;4;6;8;2;2;2;4;6;2;4;2;2;4;6;2;4;2;2;2;2;2;2;2
ge_Q1_P28966;AS-TIN;2;4;1;3;5;2;2;2;2;4;2;4;6;8;2;2;2;2;2;4;2;1;3;2;1;3;5;7;2;2;4;2;4;2;4;6;2;2;2;4;5;2;4;2;2;4;2;4;2;2;2;2;2;2;2;4;2;2;2;2;2;2;2;4;2;2;2;2;2;2;4;2;2;2;2;2;4;2;4;6;8;2;2;2;4;6;2;4;2;2;4;6;2;4;2;2;2;2;2;2;2
ge_Q1_P31883;AS-TIN;2;4;1;3;5;2;2;2;2;4;2;4;6;8;2;2;2;2;2;4;2;1;3;2;1;3;5;7;2;2;4;2;4;2;4;6;2;2;2;4;5;2;4;2;2;4;2;4;2;2;2;2;2;2;2;4;2;2;2;2;2;2;2;4;2;2;2;2;2;2;4;2;2;2;2;2;4;2;4;6;8;2;2;2;4;6;2;4;2;2;4;6;2;4;2;2;2;2;2;2;2
ge_Q1_P31887;AS-TIN;2;4;1;3;5;2;2;2;2;4;2;4;6;8;2;2;2;2;2;4;2;1;3;2;1;3;5;7;2;2;4;2;4;2;4;6;2;2;2;4;5;2;4;2;2;4;2;4;2;2;2;2;2;2;2;4;2;2;2;2;2;2;2;4;2;2;2;2;2;2;4;2;2;2;2;2;4;2;4;6;8;2;2;2;4;6;2;4;2;2;4;6;2;4;2;2;2;2;2;2;2
ge_Q1_P30463;AS-TIN;2;4;1;3;5;2;2;2;2;4;2;4;6;8;2;2;2;2;2;4;2;1;3;2;1;3;5;7;2;2;4;2;4;2;4;6;2;2;2;4;5;2;4;2;2;4;2;4;2;2;2;2;2;2;2;4;2;2;2;2;2;2;2;4;2;2;2;2;2;2;4;2;2;2;2;2;4;2;4;6;8;2;2;2;4;6;2;4;2;2;4;6;2;4;2;2;2;2;2;2;2
ge_Q1_P31953;AS-TIN;2;4;1;3;5;2;2;2;2;4;2;4;6;8;2;2;2;2;2;4;2;1;3;2;1;3;5;7;2;2;4;2;4;2;4;6;2;2;2;4;5;2;4;2;2;4;2;4;2;2;2;2;2;2;2;4;2;2;2;2;2;2;2;4;2;2;2;2;2;2;4;2;2;2;2;2;4;2;4;6;8;2;2;2;4;6;2;4;2;2;4;6;2;4;2;2;2;2;2;2;2
ge_Q1_P39978;AS-TIN;2;4;1;3;5;2;2;2;2;4;2;4;6;8;2;2;2;2;2;4;2;1;3;2;1;3;5;7;2;2;4;2;4;2;4;6;2;2;2;4;5;2;4;2;2;4;2;4;2;2;2;2;2;2;2;4;2;2;2;2;2;2;2;4;2;2;2;2;2;2;4;2;2;2;2;2;4;2;4;6;8;2;2;2;4;6;2;4;2;2;4;6;2;4;2;2;2;2;2;2;2
ge_Q1_P29216;AS-TIN;2;4;1;3;5;2;2;2;2;4;2;4;6;8;2;2;2;2;2;4;2;1;3;2;1;3;5;7;2;2;4;2;4;2;4;6;2;2;2;4;5;2;4;2;2;4;2;4;2;2;2;2;2;2;2;4;2;2;2;2;2;2;2;4;2;2;1;3;4;5;7;8;9;10;11;12;14;15;17;19;21;22;23;24;26;28;29;31;32;33;34;35;36;37;38;39;40;41;42;43;44
ge_Q1_P31358;AS-TIN;2;4;1;3;5;2;2;2;2;4;2;4;6;8;2;2;2;2;2;4;2;1;3;2;1;3;5;7;2;2;4;2;4;2;4;6;2;2;2;4;5;2;4;2;2;4;2;4;2;2;2;2;2;2;2;4;2;2;2;2;2;2;2;4;2;2;2;2;2;2;4;2;2;2;2;2;4;2;4;6;8;2;2;2;4;6;2;4;2;2;4;6;2;4;2;2;2;2;2;2;2
ge_Q1_P39876;AS-TIN;2;4;1;3;5;2;2;2;2;4;2;4;6;8;2;2;2;2;2;4;2;1;3;2;1;3;5;7;2;2;4;2;4;2;4;6;2;2;2;4;5;2;4;2;2;4;2;4;2;2;2;2;2;2;2;4;2;2;2;2;2;2;2;4;2;2;2;2;2;2;4;2;2;2;2;2;4;2;4;6;8;2;2;2;4;6;2;4;2;2;4;6;2;4;2;2;2;2;2;2;2
ge_Q1_P30160;AS-TIN;2;4;1;3;5;2;2;2;2;4;2;4;6;8;2;2;2;2;2;4;2;1;3;2;1;3;5;7;2;2;4;2;4;2;4;6;2;2;2;4;5;2;4;2;2;4;2;4;2;2;2;2;2;2;2;4;2;2;2;2;2;2;2;4;2;2;2;2;2;2;4;2;2;2;2;2;4;2;4;6;8;2;2;2;4;6;2;4;2;2;4;6;2;4;2;2;2;2;2;2;2
ge_Q1_P29905;AS-TIN;2;4;1;3;5;2;2;2;2;4;2;4;6;8;2;2;2;2;2;4;2;1;3;2;1;3;5;7;2;2;4;2;4;2;4;6;2;2;2;4;5;2;4;2;2;4;2;4;2;2;2;2;2;2;2;4;2;2;2;2;2;2;2;4;2;2;2;2;2;2;4;2;2;2;2;2;4;2;4;6;8;2;2;2;4;6;2;4;2;2;4;6;2;4;2;2;2;2;2;2;2
ge_Q1_P30461;AS-TIN;2;4;1;3;5;2;2;2;2;4;2;4;6;8;2;2;2;2;2;4;2;1;3;2;1;3;5;7;2;2;4;2;4;2;4;6;2;2;2;4;5;2;4;2;2;4;2;4;2;2;2;2;2;2;2;4;2;2;2;2;2;2;2;4;2;2;2;2;2;2;4;2;2;2;2;2;4;2;4;6;8;2;2;2;4;6;2;4;2;2;4;6;2;4;2;2;2;2;2;2;2
ge_Q1_P28574;AS-TIN;2;4;1;3;5;2;2;2;2;4;2;4;6;8;2;2;2;2;2;4;2;1;3;2;1;3;5;7;2;2;4;2;4;2;4;6;2;2;2;4;5;2;4;2;2;4;2;4;2;2;2;2;2;2;2;4;2;2;2;2;2;2;2;4;2;2;2;2;2;2;4;2;2;2;2;2;4;2;4;6;8;2;2;2;4;6;2;4;2;2;4;6;2;4;2;2;2;2;2;2;2
ge_Q1_P30397;AS-TIN;2;4;1;3;5;2;2;2;2;4;2;4;6;8;2;2;2;2;2;4;2;1;3;2;1;3;5;7;2;2;4;2;4;2;4;6;2;2;2;4;5;2;4;2;2;4;2;4;2;2;2;2;2;2;2;4;2;2;2;2;2;2;2;4;2;2;2;2;2;2;4;2;2;2;2;2;4;2;4;6;8;2;2;2;4;6;2;4;2;2;4;6;2;4;2;2;2;2;2;2;2
ge_Q1_P32185;AS-TIN;2;4;1;3;5;2;2;2;2;4;2;4;6;8;2;2;2;2;2;4;2;1;3;2;1;3;5;7;2;2;4;2;4;2;4;6;2;2;2;4;5;2;4;2;2;4;2;4;2;2;2;2;2;2;2;4;2;2;2;2;2;2;2;4;2;2;2;2;2;2;4;2;2;2;2;2;4;2;4;6;8;2;2;2;4;6;2;4;2;2;4;6;2;4;2;2;2;2;2;2;2
ge_Q1_P38694;AS-TIN;2;4;1;3;5;2;2;2;2;4;2;4;6;8;2;2;2;2;2;4;2;1;3;2;1;3;5;7;2;2;4;2;4;2;4;6;2;2;2;4;5;2;4;2;2;4;2;4;2;2;2;2;2;2;2;4;2;2;2;2;2;2;2;4;2;2;2;2;2;2;4;2;2;2;2;2;4;2;4;6;8;2;2;2;4;6;2;4;2;2;4;6;2;4;2;2;2;2;2;2;2
ge_Q1_P26856;AS-TIN;2;4;1;3;5;2;2;2;2;4;2;4;6;8;2;2;2;2;2;4;2;1;3;2;1;3;5;7;2;2;4;2;4;2;4;6;2;2;2;4;5;2;4;2;2;4;2;4;2;2;2;2;2;2;2;4;2;2;2;2;2;2;2;4;2;2;2;2;2;2;4;2;2;2;2;2;4;2;4;6;8;2;2;2;4;6;2;4;2;2;4;6;2;4;2;2;2;2;2;2;2
ge_Q1_P32213;AS-TIN;2;4;1;3;5;2;2;2;2;4;2;4;6;8;2;2;2;2;2;4;2;1;3;2;1;3;5;7;2;2;4;2;4;2;4;6;2;2;2;4;5;2;4;2;2;4;2;4;2;2;2;2;2;2;2;4;2;2;2;2;2;2;2;4;2;2;2;2;2;2;4;2;2;2;2;2;4;2;4;6;8;2;2;2;4;6;2;4;2;2;4;6;2;4;2;2;2;2;2;2;2
ge_Q1_P29001;AS-TIN;2;4;1;3;5;2;2;2;2;4;2;4;6;8;2;2;2;2;2;4;2;1;3;2;1;3;5;7;2;2;4;2;4;2;4;6;2;2;2;4;5;2;4;2;2;4;2;4;2;2;2;2;2;2;2;4;2;2;2;2;2;2;2;4;2;2;2;2;2;2;4;2;2;2;2;2;4;2;4;6;8;2;2;2;4;6;2;4;2;2;4;6;2;4;2;2;2;2;2;2;2
ge_Q1_P30021;AS-TIN;2;4;1;3;5;2;2;2;2;4;2;4;6;8;2;2;2;2;2;4;2;1;3;2;1;3;5;7;2;2;4;2;4;2;4;6;2;2;2;4;5;2;4;2;2;4;2;4;2;2;2;2;2;2;2;4;2;2;2;2;2;2;2;4;2;2;2;2;2;2;4;2;2;2;2;2;4;2;4;6;8;2;2;2;4;6;2;4;2;2;4;6;2;4;2;2;2;2;2;2;2
ge_Q1_P30396;AS-TIN;2;4;1;3;5;2;2;2;2;4;2;4;6;8;2;2;2;2;2;4;2;1;3;2;1;3;5;7;2;2;4;2;4;2;4;6;2;2;2;4;5;2;4;2;2;4;2;4;2;2;2;2;2;2;2;4;2;2;2;2;2;2;2;4;2;2;2;2;2;2;4;2;2;2;2;2;4;2;4;6;8;2;2;2;4;6;2;4;2;2;4;6;2;4;2;2;2;2;2;2;2
ge_Q1_P26669;AS-TIN;2;4;1;3;5;2;2;2;2;4;2;4;6;8;2;2;2;2;2;4;2;1;3;2;1;3;5;7;2;2;4;2;4;2;4;6;2;2;2;4;5;2;4;2;2;4;2;4;2;2;2;2;2;2;2;4;2;2;2;2;2;2;2;4;2;2;2;2;2;2;4;2;2;2;2;2;4;2;4;6;8;2;2;2;4;6;2;4;2;2;4;6;2;4;2;2;2;2;2;2;2
ge_Q1_P31656;AS-TIN;2;4;1;3;5;2;2;2;2;4;2;4;6;8;2;2;2;2;2;4;2;1;3;2;1;3;5;7;2;2;4;2;4;2;4;6;2;2;2;4;5;2;4;2;2;4;2;4;2;2;2;2;2;2;2;4;2;2;2;2;2;2;2;4;2;2;2;2;2;2;4;2;2;2;2;2;4;2;4;6;8;2;2;2;4;6;2;4;2;2;4;6;2;4;2;2;2;2;2;2;2
ge_Q1_P32212;AS-TIN;2;4;1;3;5;2;2;2;2;4;2;4;6;8;2;2;2;2;2;4;2;1;3;2;1;3;5;7;2;2;4;2;4;2;4;6;2;2;2;4;5;2;4;2;2;4;2;4;2;2;2;2;2;2;2;4;2;2;2;2;2;2;2;4;2;2;2;2;2;2;4;2;2;2;2;2;4;2;4;6;8;2;2;2;4;6;2;4;2;2;4;6;2;4;2;2;2;2;2;2;2
ge_Q1_P28100;AS-TIN;2;4;1;3;5;2;2;2;2;4;2;4;6;8;2;2;2;2;2;4;2;1;3;2;1;3;5;7;2;2;4;2;4;2;4;6;2;2;2;4;5;2;4;2;2;4;2;4;2;2;2;2;2;2;2;4;2;2;2;2;2;2;2;4;2;2;2;2;2;2;4;2;2;2;2;2;4;2;4;6;8;2;2;2;4;6;2;4;2;2;4;6;2;4;2;2;2;2;2;2;2
ge_Q1_P31886;AS-TIN;2;4;1;3;5;2;2;2;2;4;2;4;6;8;2;2;2;2;2;4;2;1;3;2;1;3;5;7;2;2;4;2;4;2;4;6;2;2;2;4;5;2;4;2;2;4;2;4;2;2;2;2;2;2;2;4;2;2;2;2;2;2;2;4;2;2;2;2;2;2;4;2;2;2;2;2;4;2;4;6;8;2;2;2;4;6;2;4;2;2;4;6;2;4;2;2;2;2;2;2;2
ge_Q1_P28575;AS-TIN;2;4;1;3;5;2;2;2;2;4;2;4;6;8;2;2;2;2;2;4;2;1;3;2;1;3;5;7;2;2;4;2;4;2;4;6;2;2;2;4;5;2;4;2;2;4;2;4;2;2;2;2;2;2;2;4;2;2;2;2;2;2;2;4;2;2;2;2;2;2;4;2;2;2;2;2;4;2;4;6;8;2;2;2;4;6;2;4;2;2;4;6;2;4;2;2;2;2;2;2;2
ge_Q1_P29936;AS-TIN;2;4;1;3;5;2;2;2;2;4;2;4;6;8;2;2;2;2;2;4;2;1;3;2;1;3;5;7;2;2;4;2;4;2;4;6;2;2;2;4;5;2;4;2;2;4;2;4;2;2;2;2;2;2;2;4;2;2;2;2;2;2;2;4;2;2;2;2;2;2;4;2;2;2;2;2;4;2;4;6;8;2;2;2;4;6;2;4;2;2;4;6;2;4;2;2;2;2;2;2;2
ge_Q1_P32080;AS-TIN;2;4;1;3;5;2;2;2;2;4;2;4;6;8;2;2;2;2;2;4;2;1;3;2;1;3;5;7;2;2;4;2;4;2;4;6;2;2;2;4;5;2;4;2;2;4;2;4;2;2;2;2;2;2;2;4;2;2;2;2;2;2;2;4;2;2;2;2;2;2;4;2;2;2;2;2;4;2;4;6;8;2;2;2;4;6;2;4;2;2;4;6;2;4;2;2;2;2;2;2;2
ge_Q1_P31512;AS-TIN;2;4;1;3;5;2;2;2;2;4;2;4;6;8;2;2;2;2;2;4;2;1;3;2;1;3;5;7;2;2;4;2;4;2;4;6;2;2;2;4;5;2;4;2;2;4;2;4;2;2;2;2;2;2;2;4;2;2;2;2;2;2;2;4;2;2;2;2;2;2;4;2;2;2;2;2;4;2;4;6;8;2;2;2;4;6;2;4;2;2;4;6;2;4;2;2;2;2;2;2;2
ge_Q1_P30218;AS-TIN;2;4;1;3;5;2;2;2;2;4;2;4;6;8;2;2;2;2;2;4;2;1;3;2;1;3;5;7;2;2;4;2;4;2;4;6;2;2;2;4;5;2;4;2;2;4;2;4;2;2;2;2;2;2;2;4;2;2;2;2;2;2;2;4;2;2;2;2;2;2;4;2;2;2;2;2;4;2;4;6;8;2;2;2;4;6;2;4;2;2;4;6;2;4;2;2;2;2;2;2;2
ge_Q1_P30220;AS-TIN;2;4;1;3;5;2;2;2;2;4;2;4;6;8;2;2;2;2;2;4;2;1;3;2;1;3;5;7;2;2;4;2;4;2;4;6;2;2;2;4;5;2;4;2;2;4;2;4;2;2;2;2;2;2;2;4;2;2;2;2;2;2;2;4;2;2;2;2;2;2;4;2;2;2;2;2;4;2;4;6;8;2;2;2;4;6;2;4;2;2;4;6;2;4;2;2;2;2;2;2;2
ge_Q1_P30465;AS-TIN;2;4;1;3;5;2;2;2;2;4;2;4;6;8;2;2;2;2;2;4;2;1;3;2;1;3;5;7;2;2;4;2;4;2;4;6;2;2;2;4;5;2;4;2;2;4;2;4;2;2;2;2;2;2;2;4;2;2;2;2;2;2;2;4;2;2;2;2;2;2;4;2;2;2;2;2;4;2;4;6;8;2;2;2;4;6;2;4;2;2;4;6;2;4;2;2;2;2;2;2;2
ge_Q1_P39923;AS-TIN;2;4;1;3;5;2;2;2;2;4;2;4;6;8;2;2;2;2;2;4;2;1;3;2;1;3;5;7;2;2;4;2;4;2;4;6;2;2;2;4;5;2;4;2;2;4;2;4;2;2;2;2;2;2;2;4;2;2;2;2;2;2;2;4;2;2;2;2;2;2;4;2;2;2;2;2;4;2;4;6;8;2;2;2;4;6;2;4;2;2;4;6;2;4;2;2;2;2;2;2;2
ge_Q1_P31496;AS-TIN;2;4;1;3;5;2;2;2;2;4;2;4;6;8;2;2;2;2;2;4;2;1;3;2;1;3;5;7;2;2;4;2;4;2;4;6;2;2;2;4;5;2;4;2;2;4;2;4;2;2;2;2;2;2;2;4;2;2;2;2;2;2;2;4;2;2;2;2;2;2;4;2;2;2;2;2;4;2;4;6;8;2;2;2;4;6;2;4;2;2;4;6;2;4;2;2;2;2;2;2;2
ge_Q1_P27872;AS-TIN;2;4;1;3;5;2;2;2;2;4;2;4;6;8;2;2;2;2;2;4;2;1;3;2;1;3;5;7;2;2;4;2;4;2;4;6;2;2;2;4;5;2;4;2;2;4;2;4;2;2;2;2;2;2;2;4;2;2;2;2;2;2;2;4;2;2;2;2;2;2;4;2;2;2;2;2;4;2;4;6;8;2;2;2;4;6;2;4;2;2;4;6;2;4;2;2;2;2;2;2;2
ge_Q1_P31627;AS-TIN;2;4;1;3;5;2;2;2;2;4;2;4;6;8;2;2;2;2;2;4;2;1;3;2;1;3;5;7;2;2;4;2;4;2;4;6;2;2;2;4;5;2;4;2;2;4;2;4;2;2;2;2;2;2;2;4;2;2;2;2;2;2;2;4;2;2;2;2;2;2;4;2;2;2;2;2;4;2;4;6;8;2;2;2;4;6;2;4;2;2;4;6;2;4;2;2;2;2;2;2;2
ge_Q1_P26828;AS-TIN;2;4;1;3;5;2;2;2;2;4;2;4;6;8;2;2;2;2;2;4;2;1;3;2;1;3;5;7;2;2;4;2;4;2;4;6;2;2;2;4;5;2;4;2;2;4;2;4;2;2;2;2;2;2;2;4;2;2;2;2;2;2;2;4;2;2;2;2;2;2;4;2;2;2;2;2;4;2;4;6;8;2;2;2;4;6;2;4;2;2;4;6;2;4;2;2;2;2;2;2;2
ge_Q1_P27685;AS-TIN;2;4;1;3;5;2;2;2;2;4;2;4;6;8;2;2;2;2;2;4;2;1;3;2;1;3;5;7;2;2;4;2;4;2;4;6;2;2;2;4;5;2;4;2;2;4;2;4;2;2;2;2;2;2;2;4;2;2;2;2;2;2;2;4;2;2;2;2;2;2;4;2;2;2;2;2;4;2;4;6;8;2;2;2;4;6;2;4;2;2;4;6;2;4;2;2;2;2;2;2;2
ge_Q1_P29034;AS-TIN;2;4;1;3;5;2;2;2;2;4;2;4;6;8;2;2;2;2;2;4;2;1;3;2;1;3;5;7;2;2;4;2;4;2;4;6;2;2;2;4;5;2;4;2;2;4;2;4;2;2;2;2;2;2;2;4;2;2;2;2;2;2;2;4;2;2;2;2;2;2;4;2;2;2;2;2;4;2;4;6;8;2;2;2;4;6;2;4;2;2;4;6;2;4;2;2;2;2;2;2;2
ge_Q1_P30223;AS-TIN;2;4;1;3;5;2;2;2;2;4;2;4;6;8;2;2;2;2;2;4;2;1;3;2;1;3;5;7;2;2;4;2;4;2;4;6;2;2;2;4;5;2;4;2;2;4;2;4;2;2;2;2;2;2;2;4;2;2;2;2;2;2;2;4;2;2;2;2;2;2;4;2;2;2;2;2;4;2;4;6;8;2;2;2;4;6;2;4;2;2;4;6;2;4;2;2;2;2;2;2;2
ge_Q1_P32023;AS-TIN;2;4;1;3;5;2;2;2;2;4;2;4;6;8;2;2;2;2;2;4;2;1;3;2;1;3;5;7;2;2;4;2;4;2;4;6;2;2;2;4;5;2;4;2;2;4;2;4;2;2;2;2;2;2;2;4;2;2;2;2;2;2;2;4;2;2;2;2;2;2;4;2;2;2;2;2;4;2;4;6;8;2;2;2;4;6;2;4;2;2;4;6;2;4;2;2;2;2;2;2;2
ge_Q1_P29801;AS-TIN;2;4;1;3;5;2;2;2;2;4;2;4;6;8;2;2;2;2;2;4;2;1;3;2;1;3;5;7;2;2;4;2;4;2;4;6;2;2;2;4;5;2;4;2;2;4;2;4;2;2;2;2;2;2;2;4;2;2;2;2;2;2;2;4;2;2;2;2;2;2;4;2;2;2;2;2;4;2;4;6;8;2;2;2;4;6;2;4;2;2;4;6;2;4;2;2;2;2;2;2;2
ge_Q1_P29921;AS-TIN;2;4;1;3;5;2;2;2;2;4;2;4;6;8;2;2;2;2;2;4;2;1;3;2;1;3;5;7;2;2;4;2;4;2;4;6;2;2;2;4;5;2;4;2;2;4;2;4;2;2;2;2;2;2;2;4;2;2;2;2;2;2;2;4;2;2;2;2;2;2;4;2;2;2;2;2;4;2;4;6;8;2;2;2;4;6;2;4;2;2;4;6;2;4;2;2;2;2;2;2;2
ge_Q1_P29334;AS-TIN;2;4;1;3;5;2;2;2;2;4;2;4;6;8;2;2;2;2;2;4;2;1;3;2;1;3;5;7;2;2;4;2;4;2;4;6;2;2;2;4;5;2;4;2;2;4;2;4;2;2;2;2;2;2;2;4;2;2;2;2;2;2;2;4;2;2;2;2;2;2;4;2;2;2;2;2;4;2;4;6;8;2;2;2;4;6;2;4;2;2;4;6;2;4;2;2;2;2;2;2;2
ge_Q1_P38321;AS-TIN;2;4;1;3;5;2;2;2;2;4;2;4;6;8;2;2;2;2;2;4;2;1;3;2;1;3;5;7;2;2;4;2;4;2;4;6;2;2;2;4;5;2;4;2;2;4;2;4;2;2;2;2;2;2;2;4;2;2;2;2;2;2;2;4;2;2;2;2;2;2;4;2;2;2;2;2;4;2;4;6;8;2;2;2;4;6;2;4;2;2;4;6;2;4;2;2;2;2;2;2;2
ge_Q1_P27220;AS-TIN;2;4;1;3;5;2;2;2;2;4;2;4;6;8;2;2;2;2;2;4;2;1;3;2;1;3;5;7;2;2;4;2;4;2;4;6;2;2;2;4;5;2;4;2;2;4;2;4;2;2;2;2;2;2;2;4;2;2;2;2;2;2;2;4;2;2;2;2;2;2;4;2;2;2;2;2;4;2;4;6;8;2;2;2;4;6;2;4;2;2;4;6;2;4;2;2;2;2;2;2;2
ge_Q1_P31934;AS-TIN;2;4;1;3;5;2;2;2;2;4;2;4;6;8;2;2;2;2;2;4;2;1;3;2;1;3;5;7;2;2;4;2;4;2;4;6;2;2;2;4;5;2;4;2;2;4;2;4;2;2;2;2;2;2;2;4;2;2;2;2;2;2;2;4;2;2;2;2;2;2;4;2;2;2;2;2;4;2;4;6;8;2;2;2;4;6;2;4;2;2;4;6;2;4;2;2;2;2;2;2;2
ge_Q1_P26668;AS-TIN;2;4;1;3;5;2;2;2;2;4;2;4;6;8;2;2;2;2;2;4;2;1;3;2;1;3;5;7;2;2;4;2;4;2;4;6;2;2;2;4;5;2;4;2;2;4;2;4;2;2;2;2;2;2;2;4;2;2;2;2;2;2;2;4;2;2;2;2;2;2;4;2;2;2;2;2;4;2;4;6;8;2;2;2;4;6;2;4;2;2;4;6;2;4;2;2;2;2;2;2;2
ge_Q1_P27760;AS-TIN;2;4;1;3;5;2;2;2;2;4;2;4;6;8;2;2;2;2;2;4;2;1;3;2;1;3;5;7;2;2;4;2;4;2;4;6;2;2;2;4;5;2;4;2;2;4;2;4;2;2;2;2;2;2;2;4;2;2;2;2;2;2;2;4;2;2;2;2;2;2;4;2;2;2;2;2;4;2;4;6;8;2;2;2;4;6;2;4;2;2;4;6;2;4;2;2;2;2;2;2;2
ge_Q1_P38251;AS-TIN;2;4;1;3;5;2;2;2;2;4;2;4;6;8;2;2;2;2;2;4;2;1;3;2;1;3;5;7;2;2;4;2;4;2;4;6;2;2;2;4;5;2;4;2;2;4;2;4;2;2;2;2;2;2;2;4;2;2;2;2;2;2;2;4;2;2;2;2;2;2;4;2;2;2;2;2;4;2;4;6;8;2;2;2;4;6;2;4;2;2;4;6;2;4;2;2;2;2;2;2;2
ge_Q1_P31658;AS-TIN;2;4;1;3;5;2;2;2;2;4;2;4;6;8;2;2;2;2;2;4;2;1;3;2;1;3;5;7;2;2;4;2;4;2;4;6;2;2;2;4;5;2;4;2;2;4;2;4;2;2;2;2;2;2;2;4;2;2;2;2;2;2;2;4;2;2;2;2;2;2;4;2;2;2;2;2;4;2;4;6;8;2;2;2;4;6;2;4;2;2;4;6;2;4;2;2;2;2;2;2;2
ge_Q1_P36965;AS-TIN;2;4;1;3;5;2;2;2;2;4;2;4;6;8;2;2;2;2;2;4;2;1;3;2;1;3;5;7;2;2;4;2;4;2;4;6;2;2;2;4;5;2;4;2;2;4;2;4;2;2;2;2;2;2;2;4;2;2;2;2;2;2;2;4;2;2;2;2;2;2;4;2;2;2;2;2;4;2;4;6;8;2;2;2;4;6;2;4;2;2;4;6;2;4;2;2;2;2;2;2;2
ge_Q1_P38166;AS-TIN;2;4;1;3;5;2;2;2;2;4;2;4;6;8;2;2;2;2;2;4;2;1;3;2;1;3;5;7;2;2;4;2;4;2;4;6;2;2;2;4;5;2;4;2;2;4;2;4;2;2;2;2;2;2;2;4;2;2;2;2;2;2;2;4;2;2;2;2;2;2;4;2;2;2;2;2;4;2;4;6;8;2;2;2;4;6;2;4;2;2;4;6;2;4;2;2;2;2;2;2;2
ge_Q1_P30225;AS-TIN;2;4;1;3;5;2;2;2;2;4;2;4;6;8;2;2;2;2;2;4;2;1;3;2;1;3;5;7;2;2;4;2;4;2;4;6;2;2;2;4;5;2;4;2;2;4;2;4;2;2;2;2;2;2;2;4;2;2;2;2;2;2;2;4;2;2;2;2;2;2;4;2;2;2;2;2;4;2;4;6;8;2;2;2;4;6;2;4;2;2;4;6;2;4;2;2;2;2;2;2;2
ge_Q1_P28962;AS-TIN;2;4;1;3;5;2;2;2;2;4;2;4;6;8;2;2;2;2;2;4;2;1;3;2;1;3;5;7;2;2;4;2;4;2;4;6;2;2;2;4;5;2;4;2;2;4;2;4;2;2;2;2;2;2;2;4;2;2;2;2;2;2;2;4;2;2;2;2;2;2;4;2;2;2;2;2;4;2;4;6;8;2;2;2;4;6;2;4;2;2;4;6;2;4;2;2;2;2;2;2;2
ge_Q1_P30019;AS-TIN;2;4;1;3;5;2;2;2;2;4;2;4;6;8;2;2;2;2;2;4;2;1;3;2;1;3;5;7;2;2;4;2;4;2;4;6;2;2;2;4;5;2;4;2;2;4;2;4;2;2;2;2;2;2;2;4;2;2;2;2;2;2;2;4;2;2;2;2;2;2;4;2;2;2;2;2;4;2;4;6;8;2;2;2;4;6;2;4;2;2;4;6;2;4;2;2;2;2;2;2;2
ge_Q1_P28375;AS-TIN;2;4;1;3;5;2;2;2;2;4;2;4;6;8;2;2;2;2;2;4;2;1;3;2;1;3;5;7;2;2;4;2;4;2;4;6;2;2;2;4;5;2;4;2;2;4;2;4;2;2;2;2;2;2;2;4;2;2;2;2;2;2;2;4;2;2;2;2;2;2;4;2;2;2;2;2;4;2;4;6;8;2;2;2;4;6;2;4;2;2;4;6;2;4;2;2;2;2;2;2;2
ge_Q1_P30354;AS-TIN;2;4;1;3;5;2;2;2;2;4;2;4;6;8;2;2;2;2;2;4;2;1;3;2;1;3;5;7;2;2;4;2;4;2;4;6;2;2;2;4;5;2;4;2;2;4;2;4;2;2;2;2;2;2;2;4;2;2;2;2;2;2;2;4;2;2;2;2;2;2;4;2;2;2;2;2;4;2;4;6;8;2;2;2;4;6;2;4;2;2;4;6;2;4;2;2;2;2;2;2;2
ge_Q1_P30459;AS-TIN;2;4;1;3;5;2;2;2;2;4;2;4;6;8;2;2;2;2;2;4;2;1;3;2;1;3;5;7;2;2;4;2;4;2;4;6;2;2;2;4;5;2;4;2;2;4;2;4;2;2;2;2;2;2;2;4;2;2;2;2;2;2;2;4;2;2;2;2;2;2;4;2;2;2;2;2;4;2;4;6;8;2;2;2;4;6;2;4;2;2;4;6;2;4;2;2;2;2;2;2;2
ge_Q1_P33091;AS-TIN;2;4;1;3;5;2;2;2;2;4;2;4;6;8;2;2;2;2;2;4;2;1;3;2;1;3;5;7;2;2;4;2;4;2;4;6;2;2;2;4;5;2;4;2;2;4;2;4;2;2;2;2;2;2;2;4;2;2;2;2;2;2;2;4;2;2;2;2;2;2;4;2;2;2;2;2;4;2;4;6;8;2;2;2;4;6;2;4;2;2;4;6;2;4;2;2;2;2;2;2;2
ge_Q1_P30456;AS-TIN;2;4;1;3;5;2;2;2;2;4;2;4;6;8;2;2;2;2;2;4;2;1;3;2;1;3;5;7;2;2;4;2;4;2;4;6;2;2;2;4;5;2;4;2;2;4;2;4;2;2;2;2;2;2;2;4;2;2;2;2;2;2;2;4;2;2;2;2;2;2;4;2;2;2;2;2;4;2;4;6;8;2;2;2;4;6;2;4;2;2;4;6;2;4;2;2;2;2;2;2;2
ge_Q1_P26816;AS-TIN;2;4;1;3;5;2;2;2;2;4;2;4;6;8;2;1;3;4;5;2;4;5;6;7;8;10;12;13;14;15;17;18;20;21;23;25;26;27;28;1;3;5;7;8;9;11;12;14;15;16;17;18;19;20;21;23;24;25;26;27;28;29;30;32;33;34;35;36;37;38;40;41;42;43;44;45;47;48;49;50;52;53;54;55;57;2;4;6;7;8;10;11;12;13;14;15;16;17;18;19;20
ge_Q1_P30457;AS-TIN;2;4;1;3;5;2;2;2;2;4;2;4;6;8;2;2;2;2;2;4;2;1;3;2;1;3;5;7;2;2;4;2;4;2;4;6;2;2;2;4;5;2;4;2;2;4;2;4;2;2;2;2;2;2;2;4;2;2;2;2;2;2;2;4;2;2;2;2;2;2;4;2;2;2;2;2;4;2;4;6;8;2;2;2;4;6;2;4;2;2;4;6;2;4;2;2;2;2;2;2;2
ge_Q1_P39382;AS-TIN;2;4;1;3;5;2;2;2;2;4;2;4;6;8;2;2;2;2;2;4;2;1;3;2;1;3;5;7;2;2;4;2;4;2;4;6;2;2;2;4;5;2;4;2;2;4;2;4;2;2;2;2;2;2;2;4;2;2;2;2;2;2;2;4;2;2;2;2;2;2;4;2;2;2;2;2;4;2;4;6;8;2;2;2;4;6;2;4;2;2;4;6;2;4;2;2;2;2;2;2;2
ge_Q1_P31625;AS-TIN;2;4;1;3;5;2;2;2;2;4;2;4;6;8;2;2;2;2;2;4;2;1;3;2;1;3;5;7;2;2;4;2;4;2;4;6;2;2;2;4;5;2;4;2;2;4;2;4;2;2;2;2;2;2;2;4;2;2;2;2;2;2;2;4;2;2;2;2;2;2;4;2;2;2;2;2;4;2;4;6;8;2;2;2;4;6;2;4;2;2;4;6;1;3;5;6;7;8;9;10;11
ge_Q1_P27794;AS-TIN;2;4;1;3;5;2;2;2;2;4;2;4;6;8;2;2;2;2;2;4;2;1;3;2;1;3;5;7;2;2;4;2;4;2;4;6;2;2;2;4;5;2;4;2;2;4;2;4;2;2;2;2;2;2;2;4;2;2;2;2;2;2;2;4;2;2;2;2;2;2;4;2;2;2;2;2;4;2;4;6;8;2;2;2;4;6;2;4;2;2;4;6;2;4;2;2;2;2;2;2;2
ge_Q1_P29634;AS-TIN;2;4;1;3;5;2;2;2;2;4;2;4;6;8;2;2;2;2;2;4;2;1;3;2;1;3;5;7;2;2;4;2;4;2;4;6;2;2;2;4;5;2;4;2;2;4;2;4;2;2;2;2;2;2;2;4;2;2;2;2;2;2;2;4;2;2;2;2;2;2;4;2;2;2;2;2;4;2;4;6;8;2;2;2;4;6;2;4;2;2;4;6;2;4;2;2;2;2;2;2;2
ge_Q1_P31657;AS-TIN;2;4;1;3;5;2;2;2;2;4;2;4;6;8;2;2;2;2;2;4;2;1;3;2;1;3;5;7;2;2;4;2;4;2;4;6;2;2;2;4;5;2;4;2;2;4;2;4;2;2;2;2;2;2;2;4;2;2;2;2;2;2;2;4;2;2;2;2;2;2;4;2;2;2;2;2;4;2;4;6;8;2;2;2;4;6;2;4;2;2;4;6;2;4;2;2;2;2;2;2;2
ge_Q1_P31881;AS-TIN;2;4;1;3;5;2;2;2;2;4;2;4;6;8;2;1;3;4;5;2;4;5;6;7;8;10;12;13;14;15;17;18;20;21;23;25;26;27;28;1;3;5;7;8;9;11;12;14;15;16;17;18;19;20;21;23;24;25;26;27;28;29;30;32;33;34;35;36;37;38;40;41;42;43;44;45;47;48;49;50;52;53;54;55;57;2;4;6;7;8;10;11;12;13;14;15;16;17;18;19;20
ge_Q1_P30355;AS-TIN;2;4;1;3;5;2;2;2;2;4;2;4;6;8;2;2;2;2;2;4;2;1;3;2;1;3;5;7;2;2;4;2;4;2;4;6;2;2;2;4;5;2;4;2;2;4;2;4;2;2;2;2;2;2;2;4;2;2;2;2;2;2;2;4;2;2;2;2;2;2;4;2;2;2;2;2;4;2;4;6;8;2;2;2;4;6;2;4;2;2;4;6;2;4;2;2;2;2;2;2;2
ge_Q1_P31888;AS-TIN;2;4;1;3;5;2;2;2;2;4;2;4;6;8;2;2;2;2;2;4;2;1;3;2;1;3;5;7;2;2;4;2;4;2;4;6;2;2;2;4;5;2;4;2;2;4;2;4;2;2;2;2;2;2;2;4;2;2;2;2;2;2;2;4;2;2;2;2;2;2;4;2;2;2;2;2;4;2;4;6;8;2;2;2;4;6;2;4;2;2;4;6;2;4;2;2;2;2;2;2;2
ge_Q1_P31659;AS-TIN;2;4;1;3;5;2;2;2;2;4;2;4;6;8;2;2;2;2;2;4;2;1;3;2;1;3;5;7;2;2;4;2;4;2;4;6;2;2;2;4;5;2;4;2;2;4;2;4;2;2;2;2;2;2;2;4;2;2;2;2;2;2;2;4;2;2;2;2;2;2;4;2;2;2;2;2;4;2;4;6;8;2;2;2;4;6;2;4;2;2;4;6;2;4;2;2;2;2;2;2;2
ge_Q1_P38250;AS-TIN;2;4;1;3;5;2;2;2;2;4;2;4;6;8;2;2;2;2;2;4;2;1;3;2;1;3;5;7;2;2;4;2;4;2;4;6;2;2;2;4;5;2;4;2;2;4;2;4;2;2;2;2;2;2;2;4;2;2;2;2;2;2;2;4;2;2;2;2;2;2;4;2;2;2;2;2;4;2;4;6;8;2;2;2;4;6;2;4;2;2;4;6;2;4;2;2;2;2;2;2;2
ge_Q1_P30455;AS-TIN;2;4;1;3;5;2;2;2;2;4;2;4;6;8;2;2;2;2;2;4;2;1;3;2;1;3;5;7;2;2;4;2;4;2;4;6;2;2;2;4;5;2;4;2;2;4;2;4;2;2;2;2;2;2;2;4;2;2;2;2;2;2;2;4;2;2;2;2;2;2;4;2;2;2;2;2;4;2;4;6;8;2;2;2;4;6;2;4;2;2;4;6;2;4;2;2;2;2;2;2;2
ge_Q1_P30467;AS-TIN;2;4;1;3;5;2;2;2;2;4;2;4;6;8;2;2;2;2;2;4;2;1;3;2;1;3;5;7;2;2;4;2;4;2;4;6;2;2;2;4;5;2;4;2;2;4;2;4;2;2;2;2;2;2;2;4;2;2;2;2;2;2;2;4;2;2;2;2;2;2;4;2;2;2;2;2;4;2;4;6;8;2;2;2;4;6;2;4;2;2;4;6;2;4;2;2;2;2;2;2;2
ge_Q1_P38692;AS-TIN;2;4;1;3;5;2;2;2;2;4;2;4;6;8;2;2;2;2;2;4;2;1;3;2;1;3;5;7;2;2;4;2;4;2;4;6;2;2;2;4;5;2;4;2;2;4;2;4;2;2;2;2;2;2;2;4;2;2;2;2;2;2;2;4;2;2;2;2;2;2;4;2;2;2;2;2;4;2;4;6;8;2;2;2;4;6;2;4;2;2;4;6;2;4;2;2;2;2;2;2;2
ge_Q1_P38690;AS-TIN;2;4;1;3;5;2;2;2;2;4;2;4;6;8;2;2;2;2;2;4;2;1;3;2;1;3;5;7;2;2;4;2;4;2;4;6;2;2;2;4;5;2;4;2;2;4;2;4;2;2;2;2;2;2;2;4;2;2;2;2;2;2;2;4;2;2;2;2;2;2;4;2;2;2;2;2;4;2;4;6;8;2;2;2;4;6;2;4;2;2;4;6;2;4;2;2;2;2;2;2;2
ge_Q1_P29550;AS-TIN;2;4;1;3;5;2;2;2;2;4;2;4;6;8;2;2;2;2;2;4;2;1;3;2;1;3;5;7;2;2;4;2;4;2;4;6;2;2;2;4;5;2;4;2;2;4;2;4;2;2;2;2;2;2;2;4;2;2;2;2;2;2;2;4;2;2;2;2;2;2;4;2;2;2;2;2;4;2;4;6;8;2;2;2;4;6;2;4;2;2;4;6;2;4;2;2;2;2;2;2;2
ge_Q1_P29140;AS-TIN;2;4;1;3;5;2;2;2;2;4;2;4;6;8;2;2;2;2;2;4;2;1;3;2;1;3;5;7;2;2;4;2;4;2;4;6;2;2;2;4;5;2;4;2;2;4;2;4;2;2;2;2;2;2;2;4;2;2;2;2;2;2;2;4;2;2;2;2;2;2;4;2;2;2;2;2;4;2;4;6;8;2;2;2;4;6;2;4;2;2;4;6;2;4;2;2;2;2;2;2;2
ge_Q1_P27793;AS-TIN;2;4;1;3;5;2;2;2;2;4;2;4;6;8;2;2;2;2;2;4;2;1;3;2;1;3;5;7;2;2;4;2;4;2;4;6;2;2;2;4;5;2;4;2;2;4;2;4;2;2;2;2;2;2;2;4;2;2;2;2;2;2;2;4;2;2;2;2;2;2;4;2;2;2;2;2;4;2;4;6;8;2;2;2;4;6;2;4;2;2;4;6;2;4;2;2;2;2;2;2;2
ge_Q1_P10692;AS-PIN;2;4;1;3;5;2;2;2;2;4;2;4;6;8;2;2;2;2;2;4;2;1;3;2;1;3;5;7;2;2;4;2;4;2;4;6;2;2;2;4;5;2;4;2;2;4;2;4;2;2;2;2;2;2;2;4;2;2;2;2;2;2;2;4;2;2;2;2;2;2;4;2;2;2;2;2;4;2;4;6;8;2;2;2;4;6;2;4;2;2;4;6;2;4;2;2;2;2;2;2;2
ge_Q1_P32182;AS-TIN;2;4;1;3;5;2;2;2;2;4;2;4;6;8;2;2;2;2;2;4;2;1;3;2;1;3;5;7;2;2;4;2;4;2;4;6;2;2;2;4;5;2;4;2;2;4;2;4;2;2;2;2;2;2;2;4;2;2;2;2;2;2;2;4;2;2;2;2;2;2;4;2;2;2;2;2;4;2;4;6;8;2;2;2;4;6;2;4;2;2;4;6;2;4;2;2;2;2;2;2;2
ge_Q1_P28961;AS-TIN;2;4;1;3;5;2;2;2;2;4;2;4;6;8;2;2;2;2;2;4;2;1;3;2;1;3;5;7;2;2;4;2;4;2;4;6;2;2;2;4;5;2;4;2;2;4;2;4;2;2;2;2;2;2;2;4;2;2;2;2;2;2;2;4;2;2;2;2;2;2;4;2;2;2;2;2;4;2;4;6;8;2;2;2;4;6;2;4;2;2;4;6;2;4;2;2;2;2;2;2;2
ge_Q1_P32073;AS-TIN;2;4;1;3;5;2;2;2;2;4;2;4;6;8;2;2;2;2;2;4;2;1;3;2;1;3;5;7;2;2;4;2;4;2;4;6;2;2;2;4;5;2;4;2;2;4;2;4;2;2;2;2;2;2;2;4;2;2;2;2;2;2;2;4;2;2;2;2;2;2;4;2;2;2;2;2;4;2;4;6;8;2;2;2;4;6;2;4;2;2;4;6;2;4;2;2;2;2;2;2;2
ge_Q1_P30410;AS-TIN;38;40;41;42;43;44;45;46;47;48;49;51;52;53;54;55;56;57;58;59;60;61;62;63;64;66;67;68;69;70;71;72;73;74;75;77;78;79;80;81;82;83;84;85;86;87;88;89;90;91;92;93;94;95;96;98;99;100;101;102;103;104;105;107;108;109;110;111;112;113;114;115;116;117;118;119;121;122;123;124;125;126;127;128;129;130;131;132;133;134;135;136;137;138;139;140;141;142;143;144;145
ge_Q1_P39875;AS-TIN;2;4;1;3;5;2;2;2;2;4;2;4;6;8;2;2;2;2;2;4;2;1;3;2;1;3;5;7;2;2;4;2;4;2;4;6;2;2;2;4;5;2;4;2;2;4;2;4;2;2;2;2;2;2;2;4;2;2;2;2;2;2;2;4;2;2;2;2;2;2;4;2;2;2;2;2;4;2;4;6;8;2;2;2;4;6;2;4;2;2;4;6;2;4;2;2;2;2;2;2;2
ge_Q1_P30395;AS-TIN;2;4;1;3;5;2;2;2;2;4;2;4;6;8;2;2;2;2;2;4;2;1;3;2;1;3;5;7;2;2;4;2;4;2;4;6;2;2;2;4;5;2;4;2;2;4;2;4;2;2;2;2;2;2;2;4;2;2;2;2;2;2;2;4;2;2;2;2;2;2;4;2;2;2;2;2;4;2;4;6;8;2;2;2;4;6;2;4;2;2;4;6;2;4;2;2;2;2;2;2;2
ge_Q1_P31882;AS-TIN;2;4;1;3;5;2;2;2;2;4;2;4;6;8;2;2;2;2;2;4;2;1;3;2;1;3;5;7;2;2;4;2;4;2;4;6;2;2;2;4;5;2;4;2;2;4;2;4;2;2;2;2;2;2;2;4;2;2;2;2;2;2;2;4;2;2;2;2;2;2;4;2;2;2;2;2;4;2;4;6;8;2;2;2;4;6;2;4;2;2;4;6;2;4;2;2;2;2;2;2;2
ge_Q1_P29934;AS-TIN;2;4;1;3;5;2;2;2;2;4;2;4;6;8;2;2;2;2;2;4;2;1;3;2;1;3;5;7;2;2;4;2;4;2;4;6;2;2;2;4;5;2;4;2;2;4;2;4;2;2;2;2;2;2;2;4;2;2;2;2;2;2;2;4;2;2;2;2;2;2;4;2;2;2;2;2;4;2;4;6;8;2;2;2;4;6;2;4;2;2;4;6;2;4;2;2;2;2;2;2;2
ge_Q1_P29214;AS-TIN;2;4;1;3;5;2;2;2;2;4;2;4;6;8;2;2;2;2;2;4;2;1;3;2;1;3;5;7;2;2;4;2;4;2;4;6;2;2;2;4;5;2;4;2;2;4;2;4;2;2;2;2;2;2;2;4;2;2;2;2;2;2;2;4;2;2;2;2;2;2;4;2;2;2;2;2;4;2;4;6;8;2;2;2;4;6;2;4;2;2;4;6;2;4;2;2;2;2;2;2;2
ge_Q1_P31511;AS-TIN;2;4;1;3;5;2;2;2;2;4;2;4;6;8;2;2;2;2;2;4;2;1;3;2;1;3;5;7;2;2;4;2;4;2;4;6;2;2;2;4;5;2;4;2;2;4;2;4;2;2;2;2;2;2;2;4;2;2;2;2;2;2;2;4;2;2;2;2;2;2;4;2;2;2;2;2;4;2;4;6;8;2;2;2;4;6;2;4;2;2;4;6;2;4;2;2;2;2;2;2;2
ge_Q1_P39912;AS-TIN;2;4;1;3;5;2;2;2;2;4;2;4;6;8;2;2;2;2;2;4;2;1;3;2;1;3;5;7;2;2;4;2;4;2;4;6;2;2;2;4;5;2;4;2;2;4;2;4;2;2;2;2;2;2;2;4;2;2;2;2;2;2;2;4;2;2;2;2;2;2;4;2;2;2;2;2;4;2;4;6;8;2;2;2;4;6;2;4;2;2;4;6;2;4;2;2;2;2;2;2;2
ge_Q1_P31356;AS-TIN;2;4;1;3;5;2;2;2;2;4;2;4;6;8;2;2;2;2;2;4;2;1;3;2;1;3;5;7;2;2;4;2;4;2;4;6;2;2;2;4;5;2;4;2;2;4;2;4;2;2;2;2;2;2;2;4;2;2;2;2;2;2;2;4;2;2;2;2;2;2;4;2;2;2;2;2;4;2;4;6;8;2;2;2;4;6;2;4;2;2;4;6;2;4;2;2;2;2;2;2;2
ge_Q1_P30224;AS-TIN;2;4;1;3;5;2;2;2;2;4;2;4;6;8;2;1;3;4;5;2;4;5;6;7;8;10;12;13;14;15;17;18;20;21;23;25;26;27;28;1;3;5;7;8;9;11;12;14;15;16;17;18;19;20;21;23;24;25;26;27;28;29;30;32;33;34;35;36;37;38;40;41;42;43;44;45;47;48;49;50;52;53;54;55;57;2;4;6;7;8;10;11;12;13;14;15;16;17;18;19;20
ge_Q1_P39495;AS-TIN;2;4;1;3;5;2;2;2;2;4;2;4;6;8;2;2;2;2;2;4;2;1;3;2;1;3;5;7;2;2;4;2;4;2;4;6;2;2;2;4;5;2;4;2;2;4;2;4;2;2;2;2;2;2;2;4;2;2;2;2;2;2;2;4;2;2;2;2;2;2;4;2;2;2;2;2;4;2;4;6;8;2;2;2;4;6;2;4;2;2;4;6;2;4;2;2;2;2;2;2;2
ge_Q1_P38696;AS-TIN;2;4;1;3;5;2;2;2;2;4;2;4;6;8;2;2;2;2;2;4;2;1;3;2;1;3;5;7;2;2;4;2;4;2;4;6;2;2;2;4;5;2;4;2;2;4;2;4;2;2;2;2;2;2;2;4;2;2;2;2;2;2;2;4;2;2;2;2;2;2;4;2;2;2;2;2;4;2;4;6;8;2;2;2;4;6;2;4;2;2;4;6;2;4;2;2;2;2;2;2;2
ge_Q1_P26614;AS-TIN;2;4;1;3;5;2;2;2;2;4;2;4;6;8;2;2;2;2;2;4;2;1;3;2;1;3;5;7;2;2;4;2;4;2;4;6;2;2;2;4;5;2;4;2;2;4;2;4;2;2;2;2;2;2;2;4;2;2;2;2;2;2;2;4;2;2;2;2;2;2;4;2;2;2;2;2;4;2;4;6;8;2;2;2;4;6;2;4;2;2;4;6;2;4;2;2;2;2;2;2;2
ge_Q1_P30351;AS-TIN;2;4;1;3;5;2;2;2;2;4;2;4;6;8;2;2;2;2;2;4;2;1;3;2;1;3;5;7;2;2;4;2;4;2;4;6;2;2;2;4;5;2;4;2;2;4;2;4;2;2;2;2;2;2;2;4;2;2;2;2;2;2;2;4;2;2;2;2;2;2;4;2;2;2;2;2;4;2;4;6;8;2;2;2;4;6;2;4;2;2;4;6;2;4;2;2;2;2;2;2;2
ge_Q1_P28965;AS-TIN;2;4;1;3;5;2;2;2;2;4;2;4;6;8;2;2;2;2;2;4;2;1;3;2;1;3;5;7;2;2;4;2;4;2;4;6;2;2;2;4;5;2;4;2;2;4;2;4;2;2;2;2;2;2;2;4;2;2;2;2;2;2;2;4;2;2;2;2;2;2;4;2;2;2;2;2;4;2;4;6;8;2;2;2;4;6;2;4;2;2;4;6;2;4;2;2;2;2;2;2;2
ge_Q1_P28741;AS-TIN;2;4;1;3;5;2;2;2;2;4;2;4;6;8;2;2;2;2;2;4;2;1;3;2;1;3;5;7;2;2;4;2;4;2;4;6;2;2;2;4;5;2;4;2;2;4;2;4;2;2;2;2;2;2;2;4;2;2;2;2;2;2;2;4;2;2;2;2;2;2;4;2;2;2;2;2;4;2;4;6;8;2;2;2;4;6;2;4;2;2;4;6;2;4;2;2;2;2;2;2;2
ge_Q1_P28828;AS-TIN;2;4;1;3;5;2;2;2;2;4;2;4;6;8;2;2;2;2;2;4;2;1;3;2;1;3;5;7;2;2;4;2;4;2;4;6;2;2;2;4;5;2;4;2;2;4;2;4;2;2;2;2;2;2;2;4;2;2;2;2;2;2;2;4;2;2;2;2;2;2;4;2;2;2;2;2;4;2;4;6;8;2;2;2;4;6;2;4;2;2;4;6;2;4;2;2;2;2;2;2;2
ge_Q1_P31509;AS-TIN;2;4;1;3;5;2;2;2;2;4;2;4;6;8;2;2;2;2;2;4;2;1;3;2;1;3;5;7;2;2;4;2;4;2;4;6;2;2;2;4;5;2;4;2;2;4;2;4;2;2;2;2;2;2;2;4;2;2;2;2;2;2;2;4;2;2;2;2;2;2;4;2;2;2;2;2;4;2;4;6;8;2;2;2;4;6;2;4;2;2;4;6;2;4;2;2;2;2;2;2;2
ge_Q1_P28563;AS-TIN;2;4;1;3;5;2;2;2;2;4;2;4;6;8;2;2;2;2;2;4;2;1;3;2;1;3;5;7;2;2;4;2;4;2;4;6;2;2;2;4;5;2;4;2;2;4;2;4;2;2;2;2;2;2;2;4;2;2;2;2;2;2;2;4;2;2;2;2;2;2;4;2;2;2;2;2;4;2;4;6;8;2;2;2;4;6;2;4;2;2;4;6;2;4;2;2;2;2;2;2;2
ge_Q1_P26667;AS-TIN;2;4;1;3;5;2;2;2;2;4;2;4;6;8;2;2;2;2;2;4;2;1;3;2;1;3;5;7;2;2;4;2;4;2;4;6;2;2;2;4;5;2;4;2;2;4;2;4;2;2;2;2;2;2;2;4;2;2;2;2;2;2;2;4;2;2;2;2;2;2;4;2;2;2;2;2;4;2;4;6;8;2;2;2;4;6;2;4;2;2;4;6;2;4;2;2;2;2;2;2;2
ge_Q1_P28333;AS-TIN;2;4;1;3;5;2;2;2;2;4;2;4;6;8;2;2;2;2;2;4;2;1;3;2;1;3;5;7;2;2;4;2;4;2;4;6;2;2;2;4;5;2;4;2;2;4;2;4;2;2;2;2;2;2;2;4;2;2;2;2;2;2;2;4;2;2;2;2;2;2;4;2;2;2;2;2;4;2;4;6;8;2;2;2;4;6;2;4;2;2;4;6;2;4;2;2;2;2;2;2;2
ge_Q1_P29211;AS-TIN;2;4;1;3;5;2;2;2;2;4;2;4;6;8;2;2;2;2;2;4;2;1;3;2;1;3;5;7;2;2;4;2;4;2;4;6;2;2;2;4;5;2;4;2;2;4;2;4;2;2;2;2;2;2;2;4;2;2;2;2;2;2;2;4;2;2;2;2;2;2;4;2;2;2;2;2;4;2;4;6;8;2;2;2;4;6;2;4;2;2;4;6;2;4;2;2;2;2;2;2;2
ge_Q1_P28549;AS-TIN;2;4;1;3;5;2;2;2;2;4;2;4;6;8;2;2;2;2;2;4;2;1;3;2;1;3;5;7;2;2;4;2;4;2;4;6;2;2;2;4;5;2;4;2;2;4;2;4;2;2;2;2;2;2;2;4;2;2;2;2;2;2;2;4;2;2;2;2;2;2;4;2;2;2;2;2;4;2;4;6;8;2;2;2;4;6;2;4;2;2;4;6;2;4;2;2;2;2;2;2;2
ge_Q1_P38882;AS-TIN;2;4;1;3;5;2;2;2;2;4;2;4;6;8;2;2;2;2;2;4;2;1;3;2;1;3;5;7;2;2;4;2;4;2;4;6;2;2;2;4;5;2;4;2;2;4;2;4;2;2;2;2;2;2;2;4;2;2;2;2;2;2;2;4;2;2;2;2;2;2;4;2;2;2;2;2;4;2;4;6;8;2;2;2;4;6;2;4;2;2;4;6;2;4;2;2;2;2;2;2;2
ge_Q1_P29938;AS-TIN;2;4;1;3;5;2;2;2;2;4;2;4;6;8;2;1;3;4;5;2;4;5;6;7;8;10;12;13;14;15;17;18;20;21;23;25;26;27;28;1;3;5;7;8;9;11;12;14;15;16;17;18;19;20;21;23;24;25;26;27;28;29;30;32;33;34;35;36;37;38;40;41;42;43;44;45;47;48;49;50;52;53;54;55;57;2;4;6;7;8;10;11;12;13;14;15;16;17;18;19;20
ge_Q1_P30352;AS-TIN;2;4;1;3;5;2;2;2;2;4;2;4;6;8;2;2;2;2;2;4;2;1;3;2;1;3;5;7;2;2;4;2;4;2;4;6;2;2;2;4;5;2;4;2;2;4;2;4;2;2;2;2;2;2;2;4;2;2;2;2;2;2;2;4;2;2;2;2;2;2;4;2;2;2;2;2;4;2;4;6;8;2;2;2;4;6;2;4;2;2;4;6;2;4;2;2;2;2;2;2;2
ge_Q1_P29725;AS-TIN;2;4;1;3;5;2;2;2;2;4;2;4;6;8;2;2;2;2;2;4;2;1;3;2;1;3;5;7;2;2;4;2;4;2;4;6;2;2;2;4;5;2;4;2;2;4;2;4;2;2;2;2;2;2;2;4;2;2;2;2;2;2;2;4;2;2;2;2;2;2;4;2;2;2;2;2;4;2;4;6;8;2;2;2;4;6;2;4;2;2;4;6;2;4;2;2;2;2;2;2;2
ge_Q1_P31507;AS-TIN;2;4;1;3;5;2;2;2;2;4;2;4;6;8;2;2;2;2;2;4;2;1;3;2;1;3;5;7;2;2;4;2;4;2;4;6;2;2;2;4;5;2;4;2;2;4;2;4;2;2;2;2;2;2;2;4;2;2;2;2;2;2;2;4;2;2;2;2;2;2;4;2;2;2;2;2;4;2;4;6;8;2;2;2;4;6;2;4;2;2;4;6;2;4;2;2;2;2;2;2;2
